1 2
9 11
39 40
45 46
25 26
55 56
41 42
28 29
57 58
59 60
7 8
18 19 20
14 15
30 31
32 33
51 52
34 35
16 17
49 50
44 45
36 37
3 4
12 13
53 54
47 48
9 10
15 43
16 61
36 38
21 22
22 27
5 6
23 24
67 68
7 66
29 76
74 75
37 70
67 69
64 65
7 37
40 71
62 63
72 73
44 45 46
58 78
77 78
78 79
82 83
80 81
3 7
10 11
28 85
29 86
57 84
14 15 43
87 88
89 90
25 93
26 71
40 93
91 92
68 96
9 10 11
52 95
3 94
39 40 71
42 85
66 97
51 52 95
98 99
25 71
29 61
76 101
7 97
60 100
41 101
102 103
39 40 109
29 33
12 106
104 105
107 108
39 71
39 93
25 26 93
110 111
112 113
33 101
39 40 93
41 42 85
51 95
61 114
26 39
57 77
115 116
32 61
28 76
32 85
70 117
49 118
76 86
41 91
119 120
48 97
123 124
26 39 93
28 29 86
32 33 61
33 61 114
117 121
101 121
48 114
125 126
49 60
71 93
94 117
47 97
82 122
85 114
85 107
42 129
3 66
102 131
7 8 37
7 8 76
32 121
48 121
117 130
17 116
37 47
37 92
117 127
3 127
28 86
80 128
3 97
76 107
28 92
41 92
11 133
85 108
58 132
8 47
37 114
114 116
40 109
16 65
65 115
3 37
97 108
85 129
7 66 76
8 42
8 76
64 115
89 134
11 61
85 92
3 85
29 94
8 115
122 135
4 65
65 94
72 99
94 129
3 76
11 37
41 85 92
41 85 91
136 137
25 26 71
25 26 109
66 92
29 115
8 61
32 114
13 104
66 85 92 108
41 85
3 42
8 61 94
138 139
14 43
64 116
64 101
32 117
7 76
85 86
85 101
136 140
136 141
3 42 47
32 33 114
17 48
61 94
21 27
2 22
39 143
85 86 101
85 101 107
25 71 93
25 40 93
66 108
42 47
140 142
137 142
32 33 115
26 109
93 109
3 47
81 103
147 148
25 143
48 66
144 145
67 146
32 115
80 81 103
101 107
48 92
22 149
66 85
48 85
75 151
102 103 131
145 150
10 37
92 101
22 103
48 108
2 151
2 103
66 85 129
36 85
25 152
55 88
8 94
28 101
40 154
27 75
103 153
103 152
71 152
27 149
2 71
2 131
2 152
66 85 108
21 155
21 109
17 92 107
152 154
92 129
2 27
66 85 92
28 85 101
21 25
66 92 108
27 74
10 133
103 141
22 141
80 103
21 71
68 157
158 159
51 158
51 160
151 152
131 149
27 74 149
139 161
96 156
37 133
140 145
71 80 81
156 157
71 107
95 158
9 25 71
51 131
8 141
78 163
159 165
70 133
69 164
119 165
96 162
145 166
27 40
75 149
129 143
102 107
107 149
68 156
69 158
27 158
8 85
9 25
69 131
103 131
74 149
140 166
146 168
71 80 167
27 80
9 75
21 153
11 172
126 170
170 171
8 66
8 36
74 102
40 74
165 169
72 126
103 107
71 167
170 174
170 173
72 170
8 48
74 75 149
175 176
126 174
126 177
93 107
1 143
54 180
178 179
11 70
53 170
8 66 108
181 182
49 59 60
8 48 108
74 75 169
60 185
118 185
57 78
57 77 84
52 93
54 126
126 180
183 184
49 59
8 108
74 169
176 186
178 182
73 187
98 125
107 126
54 75
75 169
60 73
62 98
23 162
73 177
44 46
160 190
73 170
151 169
181 186
59 118
139 191
31 176
57 176
30 57
78 178
78 175
63 187
178 192
126 188
152 169
184 189
63 177
77 193
59 60 195
57 161
57 175
99 194
49 75
84 178
84 161
84 138
118 126
9 60
60 196
89 197
89 106
59 202
199 200
195 201
138 198
126 177 188
9 99
30 178
53 75
186 198
72 169
113 134
30 181
30 193
207 208
176 178 206
189 205
67 109
60 99
203 204
60 177
184 196
132 210
90 134
176 178 209
163 175
211 212
75 109
49 202
178 206
77 186
163 186
11 70 133
90 197
46 112
46 134
213 215
160 202
18 20
159 202
12 13 106
218 219
141 172
4 48
216 217
213 214
61 92
89 216
106 197
60 181
4 8 108
178 206 209
61 78 79
10 70
106 216
219 224
203 223
184 202
220 221
88 110
75 190
6 222
83 124
112 134
106 134
159 199
184 199 202
112 226
12 112
49 205
141 205
104 106
35 227
44 228
23 126 177
23 107 126
5 105
216 229
23 177 188
43 123
43 225
61 79
118 162
218 224
56 122
89 112
11 235
134 197
4 85
181 233
58 163
58 176
206 209
178 209
16 78
172 205
147 200
227 234
43 232
83 232
190 202
5 104 230
6 230
6 13
67 231
6 229
56 82
43 56
6 89
82 241
6 197
20 46
179 181
239 240
159 199 202
139 221
83 236
176 178
6 90
159 202 205
184 202 205
40 167
75 231
87 237
88 237
107 238
5 222
6 89 112
11 122
46 211
132 181
58 77
31 176 209
246 247
57 163 175
90 216
159 205
184 205
35 244
172 202
104 230
34 227
43 82
82 225
82 245
9 243
231 242
210 221
236 241
31 178 209
57 163
90 213
90 112
225 232
122 133
77 135
141 202
13 230
227 248
217 226
82 123
148 244
58 163 186
104 249
176 209
199 205
82 111
31 178
202 205
227 250
45 105
99 162
5 216
132 178
169 195
147 244
55 163
55 107
98 193
19 249
31 176 178
6 112
106 230
45 251
229 251
46 212
75 160
31 209
31 176 206
236 252
9 20
78 211
14 15 135
227 253
141 202 205
45 229 243
43 213
6 113
55 129
18 249
207 254
78 191
18 19
15 135
45 229
229 243
227 255
177 188
21 169
58 132 186
78 79 221
14 135
250 256
18 224
99 195
78 220
227 257
30 98
58 132 163
84 258
84 161 191
30 84 161
4 107
79 220
36 107
2 195
2 3
20 224
118 194
4 108
13 259
134 218
36 55
78 181
30 58
58 209
31 78
78 161
202 258
65 108
138 179
3 195
79 221
118 260
98 184
89 211
175 181 206
57 175 181
176 181
58 193
239 261
78 161 179
84 175
141 258
65 182
30 84 191
30 163
161 178
181 221
58 84 191
58 221
57 58 84
163 176
78 221
141 205 258
84 163
132 220
179 192
12 230
13 262
30 161
161 191
186 191
12 197
84 206
77 163
98 177
134 211
181 192
78 132
259 262
227 263
159 184 199
3 101
118 227
36 101
2 143
143 155
75 248
184 248
13 134
106 218
172 202 205
159 184
122 235
28 85 92
72 201
72 256
2 155
3 42 101
141 172 202
148 184
143 156
25 155
205 258
25 153
15 264
141 202 258
49 177
179 186
2 21
122 184
21 49
148 255
9 265
21 50
60 98
67 199
153 155
49 72
92 107
8 107
200 227
15 266
135 264
206 221
135 266
147 172
135 267
177 196
10 70 133
94 127
21 177
245 264
126 196
8 65
72 177
11 122 235
199 244
188 196
72 196
179 209
10 37 133
3 28 101
55 246
28 42
205 264
88 246
141 258 265
9 133
72 188
100 174
141 265
172 265
28 129
172 202 265
141 202 265
268 269
55 245
93 270
245 246
4 127
21 271
135 245
268 272
268 273
202 205 258 265
141 205 258 265
95 168
7 85
202 205 258
7 107
258 265
205 265
76 85
22 274
69 168
3 76 101
7 8 107
75 275
21 80
51 275
205 258 265
28 76 85
7 28 85
160 168
3 42 76
81 155
269 276
21 81
268 276
245 277
2 271
22 187 274
80 271
22 73
95 158 168
69 95
22 187
53 75 275
126 170 174
73 126 170
2 22 155
2 21 22
42 76
21 22 155
90 259
122 245
22 155
100 126
268 269 276
158 168
3 8
52 270
202 265
38 94
202 205 265
3 48 92
22 271
27 54
109 180
137 273
122 266
137 278
54 67
180 231
27 180
136 278
144 278
73 196
73 170 196
36 76
52 93 270
56 135
55 56 135
49 256
51 119
55 135
51 270
182 186
7 76 94
27 231
69 95 158
141 205 265
72 95 158
76 94
85 94
135 246
72 80
1 2 22
170 188
55 135 246
144 273
273 278
73 188
1 279
72 81
72 279
1 2 279
72 80 81
155 271
73 170 188
141 172 265
137 144
172 202 205 265
136 144
27 109
141 172 202 265
52 158 270
137 273 278
14 267
36 94
1 271
95 270
52 95 270
22 27 155
176 182
137 272
73 171 188
21 22 27
144 272
21 22 27 155
52 93 95 270
171 188
73 170 171 188
136 137 278
21 27 155
42 107
73 171
3 107
1 2 271
75 125
27 155
93 95
8 92
73 98 99
73 98 171
170 171 188
8 48 92
73 99
73 98
73 170 171
237 238
76 92
55 237
22 26
170 185
136 281
74 171
137 280
202 258 265
149 171
7 76 92
7 85 92
184 199
227 282
171 184
7 92
208 255
275 283
203 208
49 170
170 183
83 122
128 271
97 184
119 275
120 275
170 188 189
24 283
93 120
82 284
21 128 271
62 75
37 85
47 85
170 189
8 97
21 74
122 284
171 183
188 189
22 128
203 215
136 137 281
83 135
21 128
2 128
7 42
171 184 199
278 281
135 284
267 284
24 119 275
142 257
37 70 83
56 135 284
64 237
148 203
171 199
147 285
82 135
137 281
73 144
115 237
128 153
28 116
24 275
70 127
133 281
183 188
28 237
172 202 205 258
98 205
37 127
64 83
237 286
82 266
17 36
202 287
141 287
38 48
38 97
148 215
55 83
73 142
17 38
177 188 189
82 237
102 155
50 187
103 125
237 245
3 38
49 263
125 131
83 266
109 231
203 263
273 285
47 107
34 208
64 67
3 92
148 282
119 120 275
75 131
199 227
36 265
17 108
171 227
76 108
92 108
73 160 170
49 187
73 160 196
74 128
17 177
76 92 107
21 102
73 160
264 266
49 50 187
49 50 203
184 227
152 288
65 131
37 70 127
49 203
115 152
264 284
83 135 245
203 208 263
73 170 177
176 221
67 100
84 176
214 263
1 128
174 188
73 177 196
170 177
125 174
17 82
168 169
178 186
174 189
55 92
31 179
72 80 152
183 227
82 92
82 108
174 183
22 72
55 108
58 178
56 135 245
79 132
79 210
58 206
58 84
111 246
67 159
110 135
17 98
149 152
17 55 92
55 98
163 181
178 181 182
58 92
125 199
175 176 179
119 283
49 214
132 179
92 179
81 149
148 204
55 60
17 55
173 184
57 84 220
80 111
17 31
77 78 163
17 92
17 220
84 220 221
77 178
174 184
124 181
58 98
78 289
57 84 221
57 186
17 175
56 83
79 84
220 237
77 237
174 184 188
100 174 184
175 209
79 289
57 220
78 79 84
31 132
30 220
93 163
82 186
79 161
82 122 186
82 163 186
182 209
60 160
17 108 176 178
108 178 209
191 220
99 191
93 184
60 170
150 290
272 285
175 186
6 18
17 79
161 220
171 220
192 245
98 99 174
60 73 196
108 178
79 122
100 184
270 275
106 150
57 78 175
84 220
103 259
98 174
55 87 246
131 199 227
104 112
17 84 220
34 49
45 222
17 139
34 253
67 73
103 167
22 167
25 167
60 67
228 230
7 76 107
171 173
99 188
17 138 262
70 127 175
207 212
199 256
17 139 198
125 256
184 256
18 262
17 18
17 138 198
138 198 262
291 292
99 174
108 206
171 174
153 167
214 257
184 188
150 217
109 167
98 173
98 99 125
17 18 262
17 138 139
150 207
112 216
17 139 222
17 138
105 281
150 293
112 285
214 248
17 231
75 294
229 295
17 222
67 190
19 104
17 262
18 139
5 104
241 286
16 214
236 286
138 139 198
17 138 139 198
175 222
168 212
17 286
222 236
18 222
99 173
184 214
245 267
222 262
139 222
17 236
138 262
138 222
139 241
62 125
139 198
198 236
18 45
198 236 241
198 236 286
139 198 241
45 139
17 198
213 234 296
208 296
149 294
213 296
7 47
7 42 47
3 7 42 47
39 214
244 297
24 51
248 296
49 296
198 222
18 259
45 259
147 263
24 119
208 213
213 234
37 148
62 75 125
7 85 101
7 76 85
13 45
7 28 76
120 270
28 107
7 28
76 85 94
7 85 94
264 267
208 234
53 125
40 214
109 155
21 22 109
21 27 109
22 27 109
58 175
87 246
21 109 155
55 87
234 296
214 294
67 196
87 286
87 236
36 78
26 155
22 27 72 155
22 71
21 27 72
26 72
51 283
72 155
51 120
191 210
44 134
152 294
21 72
17 237
88 286
222 259
55 87 286
55 236
87 88 286
55 87 88 286
55 88 286
58 220
95 120
83 186
83 163
56 83 124
14 56
211 226
211 224
224 226
36 38 210
85 221
55 87 232
87 232 286
56 124
55 232 286
32 211
124 135
232 264
53 62
67 201
139 259
251 259
32 161 191
16 232
36 207 254
166 251
35 251
207 251
112 218 251
35 213
71 155
112 218
68 164
243 251
92 107 179
140 243
66 88
155 283
24 155 283
22 93
24 155
145 251
107 179
135 232
216 218
140 251
219 226
22 109
72 167
75 202
88 108 176 178
108 176 178
88 178
72 155 167
22 72 155
71 155 167
263 265
55 286
21 155 167
88 108
248 257
21 167
58 79
59 188
112 298
26 167
58 210
120 158
218 219 224
101 179
218 226
88 108 178
158 270
6 112 298
76 179
14 124 175
6 216 298
108 178 206
124 175
88 176 178
14 175
6 112 216
98 126
21 22 167
166 268 269
145 268 269
6 216
83 124 175
51 59
59 260
49 207
20 219
145 166 268 269
26 153 167
145 268 276
71 153 167
23 176
108 176
88 176
20 218 219
83 175
6 298
99 126
75 178
71 153
14 124
20 218 219 226
20 218 219 224
14 83 175
71 72 153 167
22 153
218 219 226
26 153
72 153 167
71 72 167
27 154
219 224 226
20 218
52 159
112 216 298
91 178
27 153
108 186
14 83 124 175
133 226
49 180
55 247
108 176 206
145 166 268 269 276
155 167
108 176 178 206
6 112 226
145 166 268 276
180 187
6 226 298
145 269
145 268
45 262
91 101
183 294
6 112 216 298
213 223
166 269 292
21 22 71
71 109
145 166 292
17 86
124 186
66 76
165 194
229 266
7 94
120 283
165 226
66 179
202 269
91 179
194 274
71 109 167
265 268
166 269
166 292
268 292
50 184
75 226
180 184
134 229
120 165
145 166 202 269
26 75
138 259
84 198
267 277
134 230
75 155
176 206
76 86 101
186 267
66 94
207 296
173 174
126 174 194
265 268 276
172 287
86 101
171 180
71 72
84 267
174 194
126 194
84 256
77 266
234 294
141 172 287
17 299
17 235
49 184
268 276 292
287 292
141 280
171 180 184
268 280
27 72
165 275
17 300
60 159
96 165
141 172 265 287
166 202 269
98 126 174
141 299
40 72 167
226 262
76 91
87 261
268 276 280
11 280
39 72
22 39
256 296
122 289
84 139 198
13 18
18 222 259
77 122
276 280
288 300
96 275
96 283
112 219
18 222 262
96 120
141 265 287
216 230
6 203
75 167
36 72
166 288
172 288
215 248
29 32 94
84 139
18 45 262
219 298
172 265 287
54 231
77 79
161 198
6 218
287 288
11 276
160 268
59 171
300 301
156 159
6 219
141 172 265 301
49 174
4 94
235 292
47 94
3 32 107
3 32 38
60 243
3 28
51 169
159 288
288 301
112 134 218
29 32
144 258
59 171 188
59 171 184
159 269
145 166 269
4 47 94
3 4 94
32 36
214 227
73 203
68 146
288 299
134 219
29 32 86
258 299
51 165
114 117
265 287
67 269
166 287
125 195
218 298
145 280
229 230
235 268
235 280
214 255
75 153
72 87
184 231
189 274
89 230
258 288 299
202 258 288
11 67
170 196
144 235 292
59 184
142 268
95 96
185 189
185 274
107 176
20 226
212 229
18 156
73 232
265 280
166 172
53 187
49 100
21 93
28 32
50 60
12 229
60 72
107 178
178 196
89 229
12 134 229
268 300
107 108 176
6 112 218
205 299
52 250
140 265
145 276
28 32 86
28 86 101
141 301
203 227
107 108 178
100 177
62 174
280 287
11 235 292
197 259
75 151 155
142 144
50 59 184
59 73
141 142
108 176 250
78 84
205 301
235 269
51 96
49 73
99 196
28 32 101
104 211
72 98
140 301
134 243
151 155
144 300
93 155
49 201
51 52 159
112 218 219
26 71 75
211 298
99 180
60 100 174
60 174 184
103 271
177 180
124 232
157 275
11 145
134 212 229
49 73 170
29 86 101
144 269
22 131 271
142 287
205 268
3 121
248 282
140 145 166
248 250
3 4 47
60 99 174
108 302
72 100
27 81
73 174
89 134 230
136 172
25 103
29 32 101
128 131
80 131
131 155
60 98 173
247 286
205 280
18 217
36 121
105 224
107 108 206
80 102 103
75 154
60 62 98
81 102 103
108 191 302
107 108 302
11 285
11 292
8 48 85
28 29 32
175 181
207 256
196 201
14 83
6 112 219
250 282
278 292
4 47
137 292
67 157
60 126
1 75
1 154
1 81
1 27
206 302
77 221
211 228
103 128
108 178 191
163 221
107 108 191
119 158
170 274
134 212
278 285
6 112 218 219
36 38 121
265 278
265 303
35 263
172 273
84 108
84 302
34 263
141 273 287
32 101
22 80
72 73 188
107 302
197 222
35 249
84 108 176
111 237
20 104
119 159
285 291
228 298
13 250
13 214
82 105
104 226
188 304
81 128
132 302
108 179
98 100
26 74
23 283
273 285 301
34 35 263
118 184
107 191
26 131
131 153
106 217
13 35
84 186
36 108
2 75
6 89 218
22 131
128 155
220 289
208 254
18 112
273 301
208 294
136 305
194 196
18 219
146 190
13 108
126 171
73 126
12 243
285 300
110 236
18 112 218
18 229
35 281
72 126 171
141 305
63 195
104 224
71 149
301 305
222 306
55 122 135
141 142 287
111 237 247
111 286
20 262
106 259
238 252
281 282
135 238
251 298
72 73 126
227 281
5 227
60 188
299 305
6 112 134
239 245
142 303
111 135
6 18 112
6 18 219
145 278
135 237
250 255
72 73 171
22 75
258 288
6 134 218
239 277
18 112 219
6 18 218
35 203
44 218
243 295
63 98
140 268
140 280
291 301
5 255
6 89 134 230
150 172
18 218 219
172 281
268 281
63 173
18 112 218 219
133 235
6 89 134
46 295
6 134 229
42 130
121 130
10 150
63 99
19 89
42 121 130
219 249
112 212
145 172
219 229
28 91
3 48
5 134
29 32 115
72 174
123 284
196 274
132 221
238 261
5 113
205 305
63 72
19 134
62 195
134 249
245 267 277
63 98 173
19 229
34 203
44 229
89 249
110 241
46 249
43 83
12 89
12 46
12 134
19 212
2 279
93 271
89 212
178 198
27 152
136 292
131 167
60 62
46 89
2 75 279
46 229
67 275
10 293
75 93
10 172
75 271
89 134 249
268 299
19 89 134 249
212 249
146 160
186 209
75 152
86 92
67 68 96
12 218
51 95 270
12 219
83 284
36 115
113 216
141 292
218 243
175 192
218 229
218 229 243
145 281
215 223
77 78 79
18 113
173 188
32 86
57 302
86 115
29 86 115
219 243
29 85
95 159
28 32 85
65 114
4 8
28 29 85
114 127
37 65
37 65 70 114
33 117
61 65
61 70
61 64
70 114 127
51 52 270
38 121
61 64 65 114
61 65 114
64 114
17 127
7 108
16 17 65
7 66 107
7 66 76 108
16 17 70 127
25 102
7 66 108
66 76 108
16 70 127
17 65
16 17 127
66 107
61 64 114
17 61
65 117
7 76 108
161 206
65 116
102 167
72 73 174
258 285
65 116 117
16 127
116 117
145 292
28 115
28 32 85 115
85 101 115
29 101
273 300
8 47 48
292 301
287 303
58 78 79
8 38
142 172
41 94
28 32 115
91 115
38 85
8 42 47 91
29 92
258 273
265 292
3 36
202 288
47 66
175 181 192
141 142 172
278 301
133 291
16 17 117
138 161
291 307
303 305
205 288
280 288
144 205
61 114 116 117
265 307
235 291
235 293
287 307
205 288 299
10 11 133
37 66
142 172 273
142 291
150 281
14 232
159 270
205 280 299
141 172 305
172 273 305
273 292
290 293
136 299
136 280
144 299
144 202
280 300
141 142 269
41 76
140 202 288
142 269
183 185
145 166 285
166 205
205 258 280
272 301
97 129
280 305
288 301 305
272 288
142 166
141 172 205
7 70
10 265
269 287
140 202
202 281
299 301 305
268 287
107 129
280 301
269 288 299
42 48
33 65
145 269 299
76 129
287 300
61 114 116
100 118
144 305
64 114 116
64 117
133 300
140 265 290
133 136
140 290
133 290
10 281
136 205
202 291
268 290
142 281
166 285
218 219 229
272 305
136 272 305
172 303
272 280
272 278
278 280
61 116
202 300
145 287
142 145 269 287
291 300
142 205 269 287
145 205 269 287
272 280 305
142 205 287
145 205
142 205
292 300
205 287
269 303
280 303
202 292 300
202 292
141 303
49 59 118
44 243
144 301
51 159
59 118 184
11 136
172 235
203 255
143 154
44 212
202 291 300
41 97
136 235
205 235
128 279
235 305
17 117
51 52 119 159
199 294
18 134
2 102
2 80
75 279
1 80
1 155
81 102
39 131
103 155
51 52 95 270
21 40
75 81
21 152
71 75
71 81 153
152 167
71 81
71 103
266 284
75 102
25 75
21 131
75 102 151
75 102 155
61 65 116
80 167
75 149 155
75 103
71 128 167
152 155
102 152
22 154
1 152
21 154
291 303
160 169
136 141 287
202 235
44 89
235 265
80 102
89 134 229
171 304
212 219
16 117
33 64
136 272
17 33
65 114 116
136 301
61 117
12 249
61 114 117
97 107
59 195
11 205
11 268
36 130
28 92 101
36 92 101
91 130
36 91
136 144 305
4 29
38 130
4 86
8 101
218 219 243
144 276
144 280
203 250
175 178
4 42
8 29
77 163 181
77 175 181
8 28
77 176
175 191
17 33 117
91 92 130
11 202
11 300
49 50 59
8 76 94
4 121
94 114
76 94 107
72 171
163 179
28 37 85
61 85
28 85 107
29 127
58 84 220
58 161
72 173
175 176 186
57 84 302
37 121
117 121 130
107 121
171 177
91 116
73 274
55 82 246
58 191
58 161 220
57 58 161
72 73 173
87 247
111 247
78 179
135 302
84 191
4 248
127 186
77 108
107 248
179 302
16 116
101 210
55 87 246 286
55 117
176 302
33 116
101 138
61 127
86 94
77 108 178
28 41 76
39 75
76 85 91
32 209
180 185
72 194
33 114
16 121
17 121
94 121
65 127
41 76 91
43 277
60 174
59 170
176 209 302
127 175
33 114 116
108 178 286
87 246 286
4 206
61 171
51 60 177
118 174
32 58
59 126
59 72
192 233
77 127 163
60 184
287 305
123 277
168 275
28 41 76 85
28 76 85 91
29 66
58 77 163
185 187
31 176 302
60 70
33 65 116
32 114 115
115 202
32 116
60 128
169 275
164 275
158 275
28 41 76 85 91
58 77 127 163
266 289
51 247
31 302
37 60 70
33 64 65 115
114 117 130
108 114
67 96
94 132
183 189
67 158
58 127 163
58 245
31 239
256 294
37 178
88 122
51 68
85 91
72 100 170
31 239 302
122 239
51 201
52 67
252 266
77 163 245
132 161
60 174 195
75 122
119 164
181 206
52 184
77 127 163 245
92 179 206
47 48 97
248 297
222 226
82 277
178 302
95 275
58 77 127 163 245
142 144 287
88 122 239
239 302
207 234
207 248
207 250
4 48 97
122 171
88 240
101 210 221
55 246 286
58 163 245
144 287
35 203 207
34 207
255 256
35 203 294
37 56 135
4 97
164 168
227 294
104 186
268 305
58 77 163 245
199 308
164 194
35 256
34 256
37 70 135
34 250
101 221
61 169
95 158 275
136 268
207 294
72 126 173
60 184 196 201
83 277
13 222
147 297
28 41 85
170 184
28 29 76
29 76 91
296 297
223 296
184 201
238 247
37 56 70 135
252 277
108 126
32 51
10 217
68 168 169
43 124
101 210 220
100 170
207 297
199 296
49 196
84 132 161
37 56
13 222 262
103 143
68 169
158 169
28 29 76 85
147 207
147 296
147 254
37 84
101 220
186 277
163 245
108 126 170
28 29 41 76
142 287 305
45 298
49 60 118
100 108 126
222 226 262
107 126 170
37 161
71 102
213 294
107 170
136 280 305
4 66
181 309
107 173
222 226 259
101 220 221
87 94
28 76 92
72 102
276 280 305
28 29 76 85 92
207 215
100 107 170
58 70
88 239
60 201
90 106
49 168
56 87 286
86 261
196 260
276 305
49 158 168
76 85 92
29 76 85
223 256
38 233
269 305
135 191
87 225 286
13 222 259
100 107
142 268 305
142 280
84 132 191
37 191
4 117
45 222 259
28 41 76 92
136 142 305
136 142 144
36 233
135 161
4 117 130
84 132 161 191
97 117
208 294 296
84 135 161
79 101 220
49 158
37 58
294 296
199 215
179 181 233
122 252
116 127
100 107 126
43 108
244 294
148 208
210 220
55 277
142 305
33 94
17 115 121
16 17 115
252 267
227 310
246 266
87 266
109 271
13 104 222
132 161 191
186 245
55 87 225 286
28 29 92
178 209 302
254 296
244 296
135 225
84 132
37 77
122 186
108 124 232
161 181
8 37 70
8 37 127
247 266
77 84 191
225 286
13 104 259
108 264
122 163
55 135 225
77 181
58 84 163
58 77 191
71 131
74 167
57 132
175 179
282 311
135 225 286
226 259
104 259
227 311
149 152 167
14 124 232
108 124
2 222
100 126 170
107 108 247
135 286
45 271
13 226
61 115
149 167
85 91 101
25 149
71 103 131
135 239
126 173
200 310
203 310
87 135 286
61 65 115
49 158 168 187
41 85 101
42 97
178 181
223 234
94 130
41 92 101
191 302
29 36
64 65 115
101 117
36 117
135 247
108 247
61 121
76 117
122 277
215 296
61 114 121
36 114
140 305
215 294
55 87 225
56 247
76 121
56 225
107 246
215 256
7 37 66
56 225 286
82 245 277
83 286
83 107
55 56 286
70 114
87 247 286
26 152
87 225
87 236 241
246 286
85 107 108
82 111 135
135 252
107 108 121
107 114
170 195
55 111 135
25 279
254 294
126 195
264 312
232 312
87 88 246
29 37
144 303
203 204 227
16 17 61
149 151
11 287
172 272
32 38
204 227
62 183
11 141 205
205 292
46 89 249
16 61 121
33 76
86 127
11 142
11 287 292
18 46
12 112 113
5 243
114 121
12 113
11 141
16 115
12 112 243
113 243
18 216
18 218
142 292
12 18
141 287 292
221 289
28 117
136 303
58 132 221
288 315
42 179
142 313
19 90
114 149
102 279
22 279
60 125
51 314
17 101
230 298
229 259
94 101
100 195
53 231
72 274
9 316
299 315
136 166
166 278
37 38
126 317
94 108
11 316
279 318
16 61 114
243 298
161 179
63 100
105 249
176 233
9 280
268 276 305
269 316
172 268 281
64 107
141 287 301
227 296
81 279
103 149
29 76 101
142 307
103 318
155 318
208 227
6 217
70 94
29 114
102 318
5 13
162 319
105 216
29 61 86
238 286
63 184
62 100
1 318
145 290
248 294
243 259
163 309
37 94
61 86
77 192
224 259
141 313
63 173 184
5 217
268 288
189 195
20 106
20 243
6 226
166 272
6 105
9 268
215 311
184 317
281 305
204 294
187 231
91 107
183 274
105 217
5 262
252 264
83 225
100 189 195
11 293
49 62
60 125 126
69 275
17 29
63 189
18 243
179 191
172 290
24 156
265 287 292
200 294
18 44
19 243
2 318
90 243
127 130
224 243
31 193
16 86
136 145
272 287
217 262
6 262
256 310
14 123
202 301
87 111
105 243
59 100
49 195
24 319
59 173
73 185
18 106
52 120
166 202
202 291 292
171 274
157 169
51 157
11 144
173 195
145 166 202
202 268
202 276
177 184
72 184
29 41
10 144
274 320
148 296
11 235 293
59 174
49 173
73 173
88 247
141 285
9 166
172 268 305
172 287 316
49 164
10 235
9 293
60 195
172 207 287
150 235
173 270
169 173
24 173
18 298
172 316
177 188 202
105 226
113 226
227 297
9 287
60 63
238 246
208 297
281 294
262 306
113 249
18 20 298
285 301
82 252
172 293
105 298
177 292
203 287
98 195
113 217 243
113 262
146 170
243 249
112 249
20 298
5 112
255 282
141 172 293
229 262
113 229
217 243
251 297
15 124
60 275
150 207 293
142 255
285 297
112 216 217
45 212
49 69
147 166
262 298
145 147
147 251
60 183
255 287
268 319
53 63
63 275
53 275
172 207
150 217 293
268 296
119 173
100 194
104 285
112 297
205 269
44 219
269 293
145 147 166
188 202
145 243
145 297
141 255
105 297
104 251
255 272
162 177
265 288
269 288
180 275
231 275
247 296
20 262 298
145 285
258 269
205 290
248 253
269 315
177 188 292
60 119
184 268
63 180
54 275
11 239
73 170 173
35 144
249 298
20 249
199 207
150 285
172 205 299
43 310
141 172 299
259 298
235 261
217 290
29 36 61 114
60 131
154 155
207 227
150 298
145 251 285
223 263
104 202 293
4 47 48
105 293
43 171
24 43
2 149
8 70
111 245
256 315
256 269
141 172 205 265
70 121
45 166
202 293
45 145
60 120
104 293
87 277
169 313
118 196
68 171
85 97
17 42 47
218 249
111 245 277
21 318
22 318
24 252
104 105 293
162 177 188
22 149 152
154 321
2 321
150 218
5 252
47 114
16 64
202 268 276
38 127
237 245 277
149 152 154
48 76
5 167
62 119
56 243
22 25
42 61
71 173
49 95
111 237 277
172 205 265
202 268 293
37 108
145 218
5 113 216
82 167
71 128
128 154
60 62 183
104 268
119 183
21 149
22 102
73 173 196
49 95 187
106 313
37 107
167 216
5 43
43 118
104 268 276
104 268 293
154 156
126 142
178 191 209
223 253
126 318
18 259 262
83 121
17 36 127
4 36
145 305
292 305
21 71 81 128
178 179 191
148 287
124 266
26 151
17 29 127
73 171 173
173 196
167 252
113 252
21 22 49 128
255 257
93 218
22 81 128
9 72
51 60
71 81 102
42 47 85
8 42 97
181 220
36 181
126 155
199 207 256
199 256 296
263 296
51 73 171 173
21 95
111 277
71 81 194
72 81 194
200 263
103 252
64 65 114
272 292
101 127
237 277
149 152 169
29 148
49 148
170 177 188
29 111 277
29 82
131 194
199 207 256 296
21 22 95
172 265 281
37 76 108
76 94 108
113 167 216
101 161
102 128
60 103
36 191
141 144
51 73 173
22 173
226 285
71 194
21 69
37 94 108
86 312
126 178
103 183
63 180 275
27 275
29 237
207 223
22 51 173
22 73 173
13 18 262
4 76
179 220
13 218
171 321
36 179
149 169
22 73 196
56 124 135
141 144 205
51 173
22 173 196
199 208
208 256
13 18 259
269 272
118 217
71 72 81
36 181 220
29 237 277
64 65 116
104 276 293
102 217
51 196
2 171
13 306
29 111 252 277
29 111 237
20 259
162 188
102 113
268 293
51 73 196
21 243
22 51
2 22 321
29 252 277
155 261
13 18 20
90 313
71 72 81 194
172 292
1 22 171
41 179
272 281
36 167
1 2 321
9 11 112
95 173
117 290
1 22 171 321
5 36
1 2 22 171
23 275
141 144 265
95 149 152
13 20
96 196
21 96
172 272 281
229 298
1 2 171
196 275
106 249
111 252 277
45 159
9 112
97 114
172 202 281
13 226 298
202 322
28 225
42 85 97
126 170 173
136 202
229 249
173 177
52 103
13 18 298
146 154
65 225
76 97
149 189
73 187 196
119 314
123 220
9 235
1 171
22 171
149 152 189
88 261
118 275
4 42 85
29 277
111 252
318 321
229 295 298
220 312
145 272 281
28 127
48 127
45 93
28 94
94 225
1 22
5 229
41 48 76
22 321
74 275
4 42 47 85
128 142
102 109
295 298
13 113
13 216
74 151
131 184
144 265
45 249
8 37
90 262
70 107
191 233
49 188
4 28
19 259
216 259
4 47 85
102 151
42 121
181 191
74 93
111 237 252
20 105
203 256
64 70
172 305
49 73 118
93 154
36 290
28 41 48 76
63 174
151 318
74 271
20 293
128 194
64 121
49 73 187
51 146
93 102
1 102 321
10 268
20 230
112 316
73 118 187
122 127
51 168
118 177
28 41 48
81 164
13 249
103 109
219 229 262
45 219
202 305
1 321
167 277
29 252
249 293
149 152 155
20 90
177 194
98 194
101 233
237 252
26 102 167
83 127
5 45
13 293
1 103
5 226
81 271
271 321
144 258 299
229 243 249
105 229 249
105 218 249
98 126 173
74 81
22 74
5 20
26 102
5 259
87 110
82 127
287 316
118 195
41 48
262 293
243 262
26 155 167
26 74 102
194 196 274
258 299 305
71 271
59 118 177
142 178 287
209 287
5 90
18 20 262
251 285
60 233
18 293
265 305
26 271
26 321
229 243 298
49 98
45 259 262
235 312
67 156
229 243 295
40 143
9 178
113 293
98 170 177
55 94
4 42 47
59 177
20 217
18 20 105
1 26
166 268
36 64
178 287
217 293
202 269 288
85 121
181 233 287
1 22 155
118 183 185
18 20 113
258 268
116 121
36 127
99 126 174
1 71
38 101
211 251
28 41
305 322
15 56
55 107 286
239 252
237 239
155 321
150 258
9 176
20 104 105
18 20 104
112 235
219 293
15 56 135
107 108 286
4 37
98 99 126 174
126 184
216 262
54 177
101 116
41 48 101
60 118
60 260
15 87
36 116
224 293
87 267
131 321
218 219 249
49 185
171 185
235 258
64 127
235 276
226 290
73 188 196
171 231
258 291
258 301
258 272
64 65 121
293 298
108 127
243 293
36 42
18 90
118 125
64 94
4 36 37
7 127
117 178
28 48 76
11 166
39 155
29 65
66 127
150 280
5 18
64 86
4 38 108
217 226 290
28 108
29 64 121
29 64 86
128 323
21 22 27 323
112 216 262
29 121
29 64 65
151 167
142 235 287
21 323
22 323
13 112 259
64 108
28 48
29 65 121
1 131
216 249
22 27 323
216 243
134 259
134 216
167 323
57 178
28 121
219 243 259
26 128
94 179
48 94
28 179
1 2 131
4 47 85 108
42 47 85 108
29 64 86 121
27 109 323
106 243
211 219
249 251
249 313
90 211
13 112
18 112 113
86 121
219 259
9 172
218 259
41 48 94
47 85 108
20 226 249
109 323
20 104 217
106 112
218 219 259
145 293
1 167
229 251 295
21 22 128
288 293
131 318
226 249
21 22 323
106 226
13 219
4 47 108
42 47 108
5 112 216
17 36 65
16 17 64
104 217
16 29
28 65
45 216
134 251
121 179
134 249 259
42 108
20 249 259
8 41
41 48 85
5 112 259
179 233
113 259
41 107
5 216 259
112 230
5 113 259
13 18 112
106 211
13 226 262
20 216
6 134
18 105
176 179
105 106
249 262
6 104
18 104
178 179 181
11 299
13 104 226
169 190
74 154
161 176
263 294
209 233
178 220
141 287 313
253 294
178 233
58 77 178
77 161
139 178
161 175
138 181
58 309
138 233
205 285
79 163
175 309
138 309
31 175
22 152
163 192
72 195
53 54 231
72 99 174
272 273
146 169
205 291
215 234
62 126
131 279
9 281
82 312
7 48
102 323
63 126
88 245
136 273
63 98 99
142 278
145 273
100 183
157 159
16 61 65
42 127
7 130
48 117
41 91 92
65 130
92 97
64 65 130
4 92
41 114
47 48 61
4 92 97
48 61
47 70
47 61
48 70
8 61 70
8 48 70
24 162
48 101
4 101
47 48 92
28 61
11 305
152 323
120 146
24 146
87 236 241 286
55 241
62 173
15 238
102 131 167
71 323
14 312
123 135
135 261
4 130
93 321
141 273
81 323
236 261
141 272
38 61
11 172 281
142 285
142 273
265 285
278 290
177 187
73 183
124 312
25 102 103
49 171
293 299
11 172 293
49 171 177
102 153
150 265
45 211
15 43 94
268 315
249 295
112 295
63 125
235 281
276 299
273 305
130 264
49 72 177
49 189
43 94
157 287
268 276 299
120 159
103 232 312
125 189
80 125
235 313
71 81 128
72 128
44 224
78 192
20 45
112 293
105 134
134 293
9 313
9 142
43 245
45 224
72 81 128
40 163
9 134
142 299
49 302
280 315
31 309
13 229
218 293
266 277
13 18 229
60 80
216 306
78 184
216 288
78 138
12 60
9 226
11 60
184 265
15 277
99 201
99 183
18 198
98 99 201
98 183
98 317
183 195
132 163
66 249
98 107 317
98 107
59 99
107 108 126 177
107 108 177
76 201
188 317
51 67
7 36
177 317
94 107
127 163 186
17 184
221 309
159 198
127 163
159 262
66 101
78 221 309
99 177
11 196
186 302
163 302
196 314
173 196 314
126 177 317
42 101
177 188 317
51 173 196
163 186 302
127 302
127 186 302
127 163 302
173 314
127 163 186 302
78 309
25 131
92 130
22 169
13 18 259 262
17 184 198
53 196
196 235
17 138 184
21 22 25
99 126 177
177 320
159 259
52 119
138 184
51 93
13 259 262
98 320
126 159
36 38 116
174 177
177 185
59 177 188
25 323
82 83 186
82 127 186
82 302
73 267
83 127 163 186
93 314
73 74
83 163 186
82 163
82 127 302
83 127 186
83 127 302
201 267
82 127 186 302
83 302
73 320
264 277
82 83 163 186
82 83 127 186
82 83 127 163 186
73 201
155 279
123 264
73 100
82 186 302
83 186 302
184 320
54 73
54 185
232 264 312
232 241
73 180
82 163 277
163 186 277
126 170 317
93 249
232 236 241
152 249
232 236 312
236 264
73 189
232 241 264 312
224 249
166 323
232 241 312
232 236 264
236 241 312
232 236 241 264
98 170
180 292
232 236 241 312
177 231
127 186 277
87 171
163 277
189 320
232 236
73 100 177
55 108 286
236 312
100 125
125 177
98 99 126
277 302
241 312
107 286
73 184
85 286
85 87
110 264
171 196
107 317
107 177 317
236 241 264 312
126 170 177
42 92
110 284
92 127
236 241 264
85 194
194 323
95 305
73 125
47 92
73 184 196
174 196
110 232 236 264
127 277
238 267
188 260
82 186 277
73 317
83 100
37 126
23 169
14 124 127
232 241 264
173 317
73 194
237 284
56 277
124 127
18 246
18 55
241 264
275 314
95 144
205 323
14 277
14 127
194 260
110 123
321 323
56 127
100 188
73 260
63 156
14 124 135 175
14 124 127 135
236 284
237 264
56 163
123 241
241 264 284
18 87
14 124 135
124 127 135
124 127 175
304 323
209 302
98 258
171 258
302 324
167 271
29 184
83 186 277
124 127 135 175
14 258
18 72
132 324
82 163 186 277
55 72 246
55 72 87
29 220
181 266
258 292
18 286
18 72 246
18 72 87
179 238
179 261
36 48
11 306
110 236 241
55 72
110 236 264
176 178 302
80 120
27 167
56 186
123 312
241 266
29 58
90 104
205 258 292
266 312
127 135
161 220 221
22 40 71 167
108 178 302
37 88 239
132 176
31 178 302
179 240
161 221
14 124 127 175
123 267
145 166 304 323
78 108
261 266
40 71 167
56 82 277
22 71 167
145 323
22 40
110 232
135 277
146 179
92 94
47 108
80 108
232 267
239 267
78 170
239 266
186 194
88 266
130 135
15 83
47 80 108
82 88
43 186
56 261
56 239
135 292
47 72 80
82 261
36 87
240 261
282 310
47 80
162 275
223 275
124 325
200 207
203 207
127 292
9 141
80 107
56 267
203 207 208
232 277
82 232
232 245
130 178
141 316
207 263
15 312
266 267
47 237
213 248
43 264
43 135 267
47 80 111 237
13 259 306
47 80 111
232 325
15 43 135
43 267
96 200
213 257
47 111
43 135
15 135 312
73 80
82 171
247 277
247 261
151 223
234 256
88 252
47 80 237
146 275
215 283
234 283
88 232
261 277
148 297
47 167
148 263
124 277
259 306
112 273
47 71 167
263 297
148 306
148 159
148 199
247 264
95 158 164
56 135 247
35 146
147 263 297
147 243
13 107 108
107 138
25 128
13 108 259
107 306
52 314
198 199
108 259
71 263
51 52 314
263 323
107 259 306
108 262
9 269
257 263
9 141 316
35 297
35 147
138 148
4 7
35 148 297
132 309
35 148
104 218
147 148 297
66 316
31 116
4 31
219 273
144 145 166
66 163
66 161
28 221
226 229
101 309
57 127 175
116 176
57 127
36 161
278 305
78 101
38 161
58 186
48 130
149 321
36 66
58 132 309
36 139
176 178 209 302
176 179 209
66 112 316
66 139
176 178 179
76 204
18 296
17 66
17 91
101 163
17 66 112
101 163 221
9 106
152 321
79 101
79 108
41 181
159 254
208 263
41 316
66 112
207 208 256 263
203 208 256
203 215 256
208 215 256
78 107
101 316
208 215
215 263
28 66
108 163
303 310
215 234 256
215 257
9 112 316
94 127 186
254 255
4 66 130
31 116 178
116 176 178
66 130
116 176 302
199 204
215 255
215 254
131 200
131 227
139 159
20 90 104
9 113
131 200 227
113 316
76 130
28 32 130
28 130
116 178
9 112 113
144 166
28 115 130
116 178 302
115 130
116 302
226 243
31 116 176
28 32 61 115
204 256
61 130
32 61 115
28 61 115
11 112
28 32 61 130
204 208
39 269
9 235 316
9 11 316
269 273
150 305
18 300
166 218
235 316
144 150
31 116 178 302
31 176 178 302
163 205
218 305
77 127
31 116 302
9 112 235
17 199
144 273 305
299 300
11 113
77 175
33 61
203 204 256
77 127 163 175
78 107 108
32 61 130
61 115 130
227 326
299 313
77 163 175
200 326
263 326
299 307
39 211
93 323
218 323
28 47
273 304
149 152 321
108 116
28 41 47
228 287
213 255
35 215
202 272
228 243
300 307
227 254
77 127 175
33 61 64
156 202
202 273
228 306
150 287
33 61 64 130
141 269
298 303
216 228
41 47
300 305
148 248
89 150
142 300 305
150 243
32 61 64
89 243
176 206 209
32 33 64
33 130
35 147 148
176 191
61 64 115
305 307
175 179 181
185 320
184 185
211 287
204 213
203 326
60 317
281 320
142 300
60 184 201
138 139 161
33 115
213 223 326
49 60 184
77 163 192
76 127
92 101 107
243 287
89 226
207 227 294
199 203
213 223 256
205 235 258
213 248 326
89 112 113
37 70 175
32 33 61 114
114 115
223 248 326
218 290
101 115
226 251
287 299
9 11 235 316
11 150
199 203 215
150 273
33 86
172 269
108 130
45 60
28 41 47 107
9 313 316
248 326
41 91 107
205 258 288
215 282
242 296
37 70 94
32 70
217 218
89 104
98 99 170
175 193
173 304
61 114 115
64 114 115
187 320
99 317
28 47 107
13 89
176 193
58 198
223 254
205 258 269
217 298
141 287 305
211 218
28 41 76 107
9 142 316
204 310
44 259
104 134
9 142 305
49 320
16 61 115
9 305 316
281 316
298 306
13 296
231 250
292 293
293 316
60 113
305 313
89 216 306
134 216 306
58 175 186
150 316
145 258
9 303 316
89 306
142 150
9 303
9 291
174 317
163 324
32 37
60 274
291 293
250 296
60 187 274 320
34 242
58 138
104 212
179 324
303 316
281 313
193 233
313 316
60 231
59 98 195
17 61 65
142 265
34 311
72 304
93 167
193 206
265 301
287 313
287 301
52 69
39 40 321
39 321
98 99 195
171 194
93 152
134 306
79 309
161 302
58 161 302
102 321
58 302
176 324
99 189
141 235
17 115
141 235 287
204 311
215 326
152 271
88 111
149 271
239 247
59 317
135 312
247 312
83 312
89 217
44 104
235 287
16 17 116
60 180
52 168
81 131
203 294
301 322
142 287 307
77 78 221
103 120
78 302
120 131
301 305 322
124 247
135 247 312
215 227
16 32
82 267
285 290
15 225
14 241
232 266
245 252
43 56 135
124 264
43 266
83 245
267 312
77 324
15 43 312
43 312
14 15 312
124 245
43 135 312
14 135 312
14 15 43 135
14 15 135 312
14 245
135 245 312
200 215
267 277 312
15 135 247
43 247
292 303
36 70
136 202 272
95 164
89 298
192 324
85 115
65 114 127
86 116
48 107
47 76 85
33 48
33 107
86 114
164 270
47 76 129
32 48
32 107
107 127
186 324
163 206
28 41 91
177 304
11 303
37 175
99 100
104 216
28 41 107
134 226
95 314
104 229
9 10 316
89 134 228
31 181
139 220
9 292
10 316
28 41 101
38 116
212 298
216 298
281 292
192 309
228 229
28 91 107
104 228
181 192 309
100 126 177
117 132
48 94 163
293 303
280 288 299
288 303
158 164
31 108 178
73 171 196
174 195
48 104
291 293 299
291 313
25 100
59 195 317
59 196
78 79 220
194 195
292 313
48 94 115
293 303 305
58 139
144 293 305
144 205 293
59 195 196
59 304
194 317
200 203
54 125
172 268
138 221
9 126 316
126 177 316
100 316
228 303
280 313
132 209
285 287
159 168
112 163
223 310
223 294
9 259
94 103 108
218 303
293 305
72 73 196
11 178 235
95 158 159
144 281
37 41 70
32 33 65
141 166
28 37
6 178
281 293
153 288
18 288 299
136 142
25 99
25 59
25 188
207 282
142 145
205 281
33 64 65
203 213
9 11 235
207 213
138 139 221
132 175
265 291 292
60 187
138 220
195 216
213 311
195 226
272 291
42 47 107
293 296
199 326
205 268 285
166 258
126 219
265 293
35 250
138 220 221
79 186
18 89
1 25
78 175 181
142 305 313
142 272 305
138 139 220 221
250 253
65 147
65 230
77 132
208 248
281 287
59 126 177
281 293 296
173 274
199 223
120 147
152 153
174 218
136 287
300 313
173 320
205 272
250 257
250 263
280 291 292
23 235
63 274
69 158 164
78 243
205 297
12 250
280 290
213 326
291 305
207 310
173 180
173 231
60 165
203 311
161 163
60 158
234 326
145 269 272
161 192
11 23
136 272 273
5 249
199 213
310 311
145 166 272
187 196
5 303
207 208 296
63 320
149 153
95 159 275
11 283
249 303
142 293
256 268
256 276
18 303
49 73 196
113 303
203 242
9 23
207 213 223
23 112
258 280
269 272 305
269 272 273
77 179
142 281 313
265 313
202 269 272
49 180 184
73 231
159 275
199 213 215
269 301
49 231
142 172 313
142 172 281
250 310
49 54
291 292 305
158 164 270
291 300 305
208 234 296
199 213 223
49 183
49 60 201
201 231
183 201
112 303
54 183
242 255
207 254 296
208 254 296
250 282 310
208 326
273 280
5 19
281 301
9 58
9 205
95 158 270
9 12
179 198
199 215 223
282 310 311
35 282
35 204
35 255
77 198
242 253
18 217 249
9 150
292 316
291 316
18 105 217
35 310
136 258
119 270
113 217
166 276
270 314
158 162
166 268 276
162 164
23 158
268 285
12 143
136 144 202
105 113
18 113 217
242 263
51 162
270 283
142 316
144 285
164 165
273 276
28 33
23 314
301 313
43 261
36 65
122 232
42 47 121
28 32 121
60 62 125
161 324
25 74
205 276
4 86 121
17 114
4 115
235 303
43 101
256 311
4 86 115 121
6 216 217
144 313
12 104
113 197
47 121
182 191
78 210
12 20
164 327
79 302
77 302
42 86
125 317
38 86
4 48 85
33 64 117
38 115
37 64
10 141
53 201
18 230
49 260
161 309
9 285
81 318
126 174 317
238 284
290 303
166 301
166 273 301
166 273
30 233
55 252
23 156
203 215 227
60 126 317
123 238
145 166 301
276 303
232 261
98 189
41 65
140 287
55 312
34 254
9 272
285 293
205 303
133 299
202 299
265 300
144 292
232 247
261 286
55 261
55 247 286
272 285 301
281 290
136 272 285 301
276 301
136 272 285
272 285 305
136 276
141 142 281
142 290
9 202 291
9 287 291
142 281 293
9 202 287 292
9 202 287 291
144 272 301
144 166 269
172 285
141 281
144 166 276
133 272
141 293
144 166 285
166 276 285
145 166 276
144 145 166 285
145 166 276 285
269 292
144 145 166 276 285
133 305
55 239
144 145 276 285
131 279 318
133 142
142 281 305
9 305
281 293 305
276 285
142 293 305
269 291
133 205 269
133 293
142 276
172 280
202 290
290 299
133 281 299
133 235 299
145 299
144 145 166 281
269 299
145 301
164 169
244 255
7 37 127
142 202
38 42
191 324
232 286
268 303
145 272
47 101
100 189
205 300
15 238 284
212 218
144 166 301
311 326
294 326
28 91 101
91 101 115
28 91 130
55 284
78 79 178
57 163 176
57 77 163
206 324
200 223
223 248
223 227
263 311
30 132
57 210
30 175
170 326
31 182 209
173 260
194 304
147 203
89 113
203 282
107 115
147 215
209 324
18 212
163 183
104 112 134
31 175 209
101 130
192 238
50 213
60 189
146 173
69 270
161 191 324
178 206 302
32 92
77 183
72 213
164 304
35 134
80 155
142 202 305
74 318
146 201
31 103
63 146
72 320
217 281
134 313
170 317
296 326
63 146 201
90 105
31 182
260 314
230 259
244 251
217 272
9 144
103 209
63 201
35 90
150 305 313
12 150
161 223
12 202
2 22 279
159 173