1 2
9 11
39 40
45 46
25 26
55 56
41 42
28 29
57 58
59 60
7 8
18 19 20
14 15
30 31
32 33
51 52
34 35
16 17
49 50
44 45
36 37
3 4
12 13
53 54
47 48
9 10
15 43
16 61
36 38
21 22
22 27
5 6
23 24
67 68
7 66
29 76
74 75
37 70
67 69
64 65
7 37
40 71
62 63
72 73
44 45 46
58 78
77 78
78 79
82 83
80 81
3 7
10 11
28 85
29 86
57 84
14 15 43
87 88
89 90
25 93
26 71
40 93
91 92
68 96
9 10 11
52 95
3 94
39 40 71
42 85
66 97
51 52 95
98 99
25 71
29 61
76 101
7 97
60 100
41 101
102 103
39 40 109
29 33
12 106
104 105
107 108
39 71
39 93
25 26 93
110 111
112 113
33 101
39 40 93
41 42 85
51 95
61 114
26 39
57 77
115 116
32 61
28 76
32 85
70 117
49 118
76 86
41 91
119 120
48 97
123 124
26 39 93
28 29 86
32 33 61
33 61 114
117 121
101 121
48 114
125 126
49 60
71 93
94 117
47 97
82 122
85 114
85 107
42 129
3 66
102 131
7 8 37
7 8 76
32 121
48 121
117 130
17 116
37 47
37 92
117 127
3 127
28 86
80 128
3 97
76 107
28 92
41 92
11 133
85 108
58 132
8 47
37 114
114 116
40 109
16 65
65 115
3 37
97 108
85 129
7 66 76
8 42
8 76
64 115
89 134
11 61
85 92
3 85
29 94
8 115
122 135
4 65
65 94
72 99
94 129
3 76
11 37
41 85 92
41 85 91
136 137
25 26 71
25 26 109
66 92
29 115
8 61
32 114
13 104
66 85 92 108
41 85
3 42
8 61 94
138 139
14 43
64 116
64 101
32 117
7 76
85 86
85 101
136 140
136 141
3 42 47
32 33 114
17 48
61 94
21 27
2 22
39 143
85 86 101
85 101 107
25 71 93
25 40 93
66 108
42 47
140 142
137 142
32 33 115
26 109
93 109
3 47
81 103
147 148
25 143
48 66
144 145
67 146
32 115
80 81 103
101 107
48 92
22 149
66 85
48 85
75 151
102 103 131
145 150
10 37
92 101
22 103
48 108
2 151
2 103
66 85 129
36 85
25 152
55 88
8 94
28 101
40 154
27 75
103 153
103 152
71 152
27 149
2 71
2 131
2 152
66 85 108
21 155
21 109
17 92 107
152 154
92 129
2 27
66 85 92
28 85 101
21 25
66 92 108
27 74
10 133
103 141
22 141
80 103
21 71
68 157
158 159
51 158
51 160
151 152
131 149
27 74 149
139 161
96 156
37 133
140 145
71 80 81
156 157
71 107
95 158
9 25 71
51 131
8 141
78 163
159 165
70 133
69 164
119 165
96 162
145 166
27 40
75 149
129 143
102 107
107 149
68 156
69 158
27 158
8 85
9 25
69 131
103 131
74 149
140 166
146 168
71 80 167
27 80
9 75
21 153
11 172
126 170
170 171
8 66
8 36
74 102
40 74
165 169
72 126
103 107
71 167
170 174
170 173
72 170
8 48
74 75 149
175 176
126 174
126 177
93 107
1 143
54 180
178 179
11 70
53 170
8 66 108
181 182
49 59 60
8 48 108
74 75 169
60 185
118 185
57 78
57 77 84
52 93
54 126
126 180
183 184
49 59
8 108
74 169
176 186
178 182
73 187
98 125
107 126
54 75
75 169
60 73
62 98
23 162
73 177
44 46
160 190
73 170
151 169
181 186
59 118
139 191
31 176
57 176
30 57
78 178
78 175
63 187
178 192
126 188
152 169
184 189
63 177
77 193
59 60 195
57 161
57 175
99 194
49 75
84 178
84 161
84 138
118 126
9 60
60 196
89 197
89 106
59 202
199 200
195 201
138 198
126 177 188
9 99
30 178
53 75
186 198
72 169
113 134
30 181
30 193
207 208
176 178 206
189 205
67 109
60 99
203 204
60 177
184 196
132 210
90 134
176 178 209
163 175
211 212
75 109
49 202
178 206
77 186
163 186
11 70 133
90 197
46 112
46 134
213 215
160 202
18 20
159 202
12 13 106
218 219
141 172
4 48
216 217
213 214
61 92
89 216
106 197
60 181
4 8 108
178 206 209
61 78 79
10 70
106 216
219 224
203 223
184 202
220 221
88 110
75 190
6 222
83 124
112 134
106 134
159 199
184 199 202
112 226
12 112
49 205
141 205
104 106
35 227
44 228
23 126 177
23 107 126
5 105
216 229
23 177 188
43 123
43 225
61 79
118 162
218 224
56 122
89 112
11 235
134 197
4 85
181 233
58 163
58 176
206 209
178 209
16 78
172 205
147 200
227 234
43 232
83 232
190 202
5 104 230
6 230
6 13
67 231
6 229
56 82
43 56
6 89
82 241
6 197
20 46
179 181
239 240
159 199 202
139 221
83 236
176 178
6 90
159 202 205
184 202 205
40 167
75 231
87 237
88 237
107 238
5 222
6 89 112
11 122
46 211
132 181
58 77
31 176 209
246 247
57 163 175
90 216
159 205
184 205
35 244
172 202
104 230
34 227
43 82
82 225
82 245
9 243
231 242
210 221
236 241
31 178 209
57 163
90 213
90 112
225 232
122 133
77 135
141 202
13 230
227 248
217 226
82 123
148 244
58 163 186
104 249
176 209
199 205
82 111
31 178
202 205
227 250
45 105
99 162
5 216
132 178
169 195
147 244
55 163
55 107
98 193
19 249
31 176 178
6 112
106 230
45 251
229 251
46 212
75 160
31 209
31 176 206
236 252
9 20
78 211
14 15 135
227 253
141 202 205
45 229 243
43 213
6 113
55 129
18 249
207 254
78 191
18 19
15 135
45 229
229 243
227 255
177 188
21 169
58 132 186
78 79 221
14 135
250 256
18 224
99 195
78 220
227 257
30 98
58 132 163
84 258
84 161 191
30 84 161
4 107
79 220
36 107
2 195
2 3
20 224
118 194
4 108
13 259
134 218
36 55
78 181
30 58
58 209
31 78
78 161
202 258
65 108
138 179
3 195
79 221
118 260
98 184
89 211
175 181 206
57 175 181
176 181
58 193
239 261
78 161 179
84 175
141 258
65 182
30 84 191
30 163
161 178
181 221
58 84 191
58 221
57 58 84
163 176
78 221
141 205 258
84 163
132 220
179 192
12 230
13 262
30 161
161 191
186 191
12 197
84 206
77 163
98 177
134 211
181 192
78 132
259 262
227 263
159 184 199
3 101
118 227
36 101
2 143
143 155
75 248
184 248
13 134
106 218
172 202 205
159 184
122 235
28 85 92
72 201
72 256
2 155
3 42 101
141 172 202
148 184
143 156
25 155
205 258
25 153
15 264
141 202 258
49 177
179 186
2 21
122 184
21 49
148 255
9 265
21 50
60 98
67 199
153 155
49 72
92 107
8 107
200 227
15 266
135 264
206 221
135 266
147 172
135 267
177 196
10 70 133
94 127
21 177
245 264
126 196
8 65
72 177
11 122 235
199 244
188 196
72 196
179 209
10 37 133
3 28 101
55 246
28 42
205 264
88 246
141 258 265
9 133
72 188
100 174
141 265
172 265
28 129
172 202 265
141 202 265
268 269
55 245
93 270
245 246
4 127
21 271
135 245
268 272
268 273
202 205 258 265
141 205 258 265
95 168
7 85
202 205 258
7 107
258 265
205 265
76 85
22 274
69 168
3 76 101
7 8 107
75 275
21 80
51 275
205 258 265
28 76 85
7 28 85
160 168
3 42 76
81 155
269 276
21 81
268 276
245 277
2 271
22 187 274
80 271
22 73
95 158 168
69 95
22 187
53 75 275
126 170 174
73 126 170
2 22 155
2 21 22
42 76
21 22 155
90 259
122 245
22 155
100 126
268 269 276
158 168
3 8
52 270
202 265
38 94
202 205 265
3 48 92
22 271
27 54
109 180
137 273
122 266
137 278
54 67
180 231
27 180
136 278
144 278
73 196
73 170 196
36 76
52 93 270
56 135
55 56 135
49 256
51 119
55 135
51 270
182 186
7 76 94
27 231
69 95 158
141 205 265
72 95 158
76 94
85 94
135 246
72 80
1 2 22
170 188
55 135 246
144 273
273 278
73 188
1 279
72 81
72 279
1 2 279
72 80 81
155 271
73 170 188
141 172 265
137 144
172 202 205 265
136 144
27 109
141 172 202 265
52 158 270
137 273 278
14 267
36 94
1 271
95 270
52 95 270
22 27 155
176 182
137 272
73 171 188
21 22 27
144 272
21 22 27 155
52 93 95 270
171 188
73 170 171 188
136 137 278
21 27 155
42 107
73 171
3 107
1 2 271
75 125
27 155
93 95
8 92
73 98 99
73 98 171
170 171 188
8 48 92
73 99
73 98
73 170 171
237 238
76 92
55 237
22 26
170 185
136 281
74 171
137 280
202 258 265
149 171
7 76 92
7 85 92
184 199
227 282
171 184
7 92
208 255
275 283
203 208
49 170
170 183
83 122
128 271
97 184
119 275
120 275
170 188 189
24 283
93 120
82 284
21 128 271
62 75
37 85
47 85
170 189
8 97
21 74
122 284
171 183
188 189
22 128
203 215
136 137 281
83 135
21 128
2 128
7 42
171 184 199
278 281
135 284
267 284
24 119 275
142 257
37 70 83
56 135 284
64 237
148 203
171 199
147 285
82 135
137 281
73 144
115 237
128 153
28 116
24 275
70 127
133 281
183 188
28 237
172 202 205 258
98 205
37 127
64 83
237 286
82 266
17 36
202 287
141 287
38 48
38 97
148 215
55 83
73 142
17 38
177 188 189
82 237
102 155
50 187
103 125
237 245
3 38
49 263
125 131
83 266
109 231
203 263
273 285
47 107
34 208
64 67
3 92
148 282
119 120 275
75 131
199 227
36 265
17 108
171 227
76 108
92 108
73 160 170
49 187
73 160 196
74 128
17 177
76 92 107
21 102
73 160
264 266
49 50 187
49 50 203
184 227
152 288
65 131
37 70 127
49 203
115 152
264 284
83 135 245
203 208 263
73 170 177
176 221
67 100
84 176
214 263
1 128
174 188
73 177 196
170 177
125 174
17 82
168 169
178 186
174 189
55 92
31 179
72 80 152
183 227
82 92
82 108
174 183
22 72
55 108
58 178
56 135 245
79 132
79 210
58 206
58 84
111 246
67 159
110 135
17 98
149 152
17 55 92
55 98
163 181
178 181 182
58 92
125 199
175 176 179
119 283
49 214
132 179
92 179
81 149
148 204
55 60
17 55
173 184
57 84 220
80 111
17 31
77 78 163
17 92
17 220
84 220 221
77 178
174 184
124 181
58 98
78 289
57 84 221
57 186
17 175
56 83
79 84
220 237
77 237
174 184 188
100 174 184
175 209
79 289
57 220
78 79 84
31 132
30 220
93 163
82 186
79 161
82 122 186
82 163 186
182 209
60 160
17 108 176 178
108 178 209
191 220
99 191
93 184
60 170
150 290
272 285
175 186
6 18
17 79
161 220
171 220
192 245
98 99 174
60 73 196
108 178
79 122
100 184
270 275
106 150
57 78 175
84 220
103 259
98 174
55 87 246
131 199 227
104 112
17 84 220
34 49
45 222
17 139
34 253
67 73
103 167
22 167
25 167
60 67
228 230
7 76 107
171 173
99 188
17 138 262
70 127 175
207 212
199 256
17 139 198
125 256
184 256
18 262
17 18
17 138 198
138 198 262
291 292
99 174
108 206
171 174
153 167
214 257
184 188
150 217
109 167
98 173
98 99 125
17 18 262
17 138 139
150 207
112 216
17 139 222
17 138
105 281
150 293
112 285
214 248
17 231
75 294
229 295
17 222
67 190
19 104
17 262
18 139
5 104
241 286
16 214
236 286
138 139 198
17 138 139 198
175 222
168 212
17 286
222 236
18 222
99 173
184 214
245 267
222 262
139 222
17 236
138 262
138 222
139 241
62 125
139 198
198 236
18 45
198 236 241
198 236 286
139 198 241
45 139
17 198
213 234 296
208 296
149 294
213 296
7 47
7 42 47
3 7 42 47
39 214
244 297
24 51
248 296
49 296
198 222
18 259
45 259
147 263
24 119
208 213
213 234
37 148
62 75 125
7 85 101
7 76 85
13 45
7 28 76
120 270
28 107
7 28
76 85 94
7 85 94
264 267
208 234
53 125
40 214
109 155
21 22 109
21 27 109
22 27 109
58 175
87 246
21 109 155
55 87
234 296
214 294
67 196
87 286
87 236
36 78
26 155
22 27 72 155
22 71
21 27 72
26 72
51 283
72 155
51 120
191 210
44 134
152 294
21 72
17 237
88 286
222 259
55 87 286
55 236
87 88 286
55 87 88 286
55 88 286
58 220
95 120
83 186
83 163
56 83 124
14 56
211 226
211 224
224 226
36 38 210
85 221
55 87 232
87 232 286
56 124
55 232 286
32 211
124 135
232 264
53 62
67 201
139 259
251 259
32 161 191
16 232
36 207 254
166 251
35 251
207 251
112 218 251
35 213
71 155
112 218
68 164
243 251
92 107 179
140 243
66 88
155 283
24 155 283
22 93
24 155
145 251
107 179
135 232
216 218
140 251
219 226
22 109
72 167
75 202
88 108 176 178
108 176 178
88 178
72 155 167
22 72 155
71 155 167
263 265
55 286
21 155 167
88 108
248 257
21 167
58 79
59 188
112 298
26 167
58 210
120 158
218 219 224
101 179
218 226
88 108 178
158 270
6 112 298
76 179
14 124 175
6 216 298
108 178 206
124 175
88 176 178
14 175
6 112 216
98 126
21 22 167
166 268 269
145 268 269
6 216
83 124 175
51 59
59 260
49 207
20 219
145 166 268 269
26 153 167
145 268 276
71 153 167
23 176
108 176
88 176
20 218 219
83 175
6 298
99 126
75 178
71 153
14 124
20 218 219 226
20 218 219 224
14 83 175
71 72 153 167
22 153
218 219 226
26 153
72 153 167
71 72 167
27 154
219 224 226
20 218
52 159
112 216 298
91 178
27 153
108 186
14 83 124 175
133 226
49 180
55 247
108 176 206
145 166 268 269 276
155 167
108 176 178 206
6 112 226
145 166 268 276
180 187
6 226 298
145 269
145 268
45 262
91 101
183 294
6 112 216 298
213 223
166 269 292
21 22 71
71 109
145 166 292
17 86
124 186
66 76
165 194
229 266
7 94
120 283
165 226
66 179
202 269
91 179
194 274
71 109 167
265 268
166 269
166 292
268 292
50 184
75 226
180 184
134 229
120 165
145 166 202 269
26 75
138 259
84 198
267 277
134 230
75 155
176 206
76 86 101
186 267
66 94
207 296
173 174
126 174 194
265 268 276
172 287
86 101
171 180
71 72
84 267
174 194
126 194
84 256
77 266
234 294
141 172 287
17 299
17 235
49 184
268 276 292
287 292
141 280
171 180 184
268 280
27 72
165 275
17 300
60 159
96 165
141 172 265 287
166 202 269
98 126 174
141 299
40 72 167
226 262
76 91
87 261
268 276 280
11 280
39 72
22 39
256 296
122 289
84 139 198
13 18
18 222 259
77 122
276 280
288 300
96 275
96 283
112 219
18 222 262
96 120
141 265 287
216 230
6 203
75 167
36 72
166 288
172 288
215 248
29 32 94
84 139
18 45 262
219 298
172 265 287
54 231
77 79
161 198
6 218
287 288
11 276
160 268
59 171
300 301
156 159
6 219
141 172 265 301
49 174
4 94
235 292
47 94
3 32 107
3 32 38
60 243
3 28
51 169
159 288
288 301
112 134 218
29 32
144 258
59 171 188
59 171 184
159 269
145 166 269
4 47 94
3 4 94
32 36
214 227
73 203
68 146
288 299
134 219
29 32 86
258 299
51 165
114 117
265 287
67 269
166 287
125 195
218 298
145 280
229 230
235 268
235 280
214 255
75 153
72 87
184 231
189 274
89 230
258 288 299
202 258 288
11 67
170 196
144 235 292
59 184
142 268
95 96
185 189
185 274
107 176
20 226
212 229
18 156
73 232
265 280
166 172
53 187
49 100
21 93
28 32
50 60
12 229
60 72
107 178
178 196
89 229
12 134 229
268 300
107 108 176
6 112 218
205 299
52 250
140 265
145 276
28 32 86
28 86 101
141 301
203 227
107 108 178
100 177
62 174
280 287
11 235 292
197 259
75 151 155
142 144
50 59 184
59 73
141 142
108 176 250
78 84
205 301
235 269
51 96
49 73
99 196
28 32 101
104 211
72 98
140 301
134 243
151 155
144 300
93 155
49 201
51 52 159
112 218 219
26 71 75
211 298
99 180
60 100 174
60 174 184
103 271
177 180
124 232
157 275
11 145
134 212 229
49 73 170
29 86 101
144 269
22 131 271
142 287
205 268
3 121
248 282
140 145 166
248 250
3 4 47
60 99 174
108 302
72 100
27 81
73 174
89 134 230
136 172
25 103
29 32 101
128 131
80 131
131 155
60 98 173
247 286
205 280
18 217
36 121
105 224
107 108 206
80 102 103
75 154
60 62 98
81 102 103
108 191 302
107 108 302
11 285
11 292
8 48 85
28 29 32
175 181
207 256
196 201
14 83
6 112 219
250 282
278 292
4 47
137 292
67 157
60 126
1 75
1 154
1 81
1 27
206 302
77 221
211 228
103 128
108 178 191
163 221
107 108 191
119 158
170 274
134 212
278 285
6 112 218 219
36 38 121
265 278
265 303
35 263
172 273
84 108
84 302
34 263
141 273 287
32 101
22 80
72 73 188
107 302
197 222
35 249
84 108 176
111 237
20 104
119 159
285 291
228 298
13 250
13 214
82 105
104 226
188 304
81 128
132 302
108 179
98 100
26 74
23 283
273 285 301
34 35 263
118 184
107 191
26 131
131 153
106 217
13 35
84 186
36 108
2 75
6 89 218
22 131
128 155
220 289
208 254
18 112
273 301
208 294
136 305
194 196
18 219
146 190
13 108
126 171
73 126
12 243
285 300
110 236
18 112 218
18 229
35 281
72 126 171
141 305
63 195
104 224
71 149
301 305
222 306
55 122 135
141 142 287
111 237 247
111 286
20 262
106 259
238 252
281 282
135 238
251 298
72 73 126
227 281
5 227
60 188
299 305
6 112 134
239 245
142 303
111 135
6 18 112
6 18 219
145 278
135 237
250 255
72 73 171
22 75
258 288
6 134 218
239 277
18 112 219
6 18 218
35 203
44 218
243 295
63 98
140 268
140 280
291 301
5 255
6 89 134 230
150 172
18 218 219
172 281
268 281
63 173
18 112 218 219
133 235
6 89 134
46 295
6 134 229
42 130
121 130
10 150
63 99
19 89
42 121 130
219 249
112 212
145 172
219 229
28 91
3 48
5 134
29 32 115
72 174
123 284
196 274
132 221
238 261
5 113
205 305
63 72
19 134
62 195
134 249
245 267 277
63 98 173
19 229
34 203
44 229
89 249
110 241
46 249
43 83
12 89
12 46
12 134
19 212
2 279
93 271
89 212
178 198
27 152
136 292
131 167
60 62
46 89
2 75 279
46 229
67 275
10 293
75 93
10 172
75 271
89 134 249
268 299
19 89 134 249
212 249
146 160
186 209
75 152
86 92
67 68 96
12 218
51 95 270
12 219
83 284
36 115
113 216
141 292
218 243
175 192
218 229
218 229 243
145 281
215 223
77 78 79
18 113
173 188
32 86
57 302
86 115
29 86 115
219 243
29 85
95 159
28 32 85
65 114
4 8
28 29 85
114 127
37 65
37 65 70 114
33 117
61 65
61 70
61 64
70 114 127
51 52 270
38 121
61 64 65 114
61 65 114
64 114
17 127
7 108
16 17 65
7 66 107
7 66 76 108
16 17 70 127
25 102
7 66 108
66 76 108
16 70 127
17 65
16 17 127
66 107
61 64 114
17 61
65 117
7 76 108
161 206
65 116
102 167
72 73 174
258 285
65 116 117
16 127
116 117
145 292
28 115
28 32 85 115
85 101 115
29 101
273 300
8 47 48
292 301
287 303
58 78 79
8 38
142 172
41 94
28 32 115
91 115
38 85
8 42 47 91
29 92
258 273
265 292
3 36
202 288
47 66
175 181 192
141 142 172
278 301
133 291
16 17 117
138 161
291 307
303 305
205 288
280 288
144 205
61 114 116 117
265 307
235 291
235 293
287 307
205 288 299
10 11 133
37 66
142 172 273
142 291
150 281
14 232
159 270
205 280 299
141 172 305
172 273 305
273 292
290 293
136 299
136 280
144 299
144 202
280 300
141 142 269
41 76
140 202 288
142 269
183 185
145 166 285
166 205
205 258 280
272 301
97 129
280 305
288 301 305
272 288
142 166
141 172 205
7 70
10 265
269 287
140 202
202 281
299 301 305
268 287
107 129
280 301
269 288 299
42 48
33 65
145 269 299
76 129
287 300
61 114 116
100 118
144 305
64 114 116
64 117
133 300
140 265 290
133 136
140 290
133 290
10 281
136 205
202 291
268 290
142 281
166 285
218 219 229
272 305
136 272 305
172 303
272 280
272 278
278 280
61 116
202 300
145 287
142 145 269 287
291 300
142 205 269 287
145 205 269 287
272 280 305
142 205 287
145 205
142 205
292 300
205 287
269 303
280 303
202 292 300
202 292
141 303
49 59 118
44 243
144 301
51 159
59 118 184
11 136
172 235
203 255
143 154
44 212
202 291 300
41 97
136 235
205 235
128 279
235 305
17 117
51 52 119 159
199 294
18 134
2 102
2 80
75 279
1 80
1 155
81 102
39 131
103 155
51 52 95 270
21 40
75 81
21 152
71 75
71 81 153
152 167
71 81
71 103
266 284
75 102
25 75
21 131
75 102 151
75 102 155
61 65 116
80 167
75 149 155
75 103
71 128 167
152 155
102 152
22 154
1 152
21 154
291 303
160 169
136 141 287
202 235
44 89
235 265
80 102
89 134 229
171 304
212 219
16 117
33 64
136 272
17 33
65 114 116
136 301
61 117
12 249
61 114 117
97 107
59 195
11 205
11 268
36 130
28 92 101
36 92 101
91 130
36 91
136 144 305
4 29
38 130
4 86
8 101
218 219 243
144 276
144 280
203 250
175 178
4 42
8 29
77 163 181
77 175 181
8 28
77 176
175 191
17 33 117
91 92 130
11 202
11 300
49 50 59
8 76 94
4 121
94 114
76 94 107
72 171
163 179
28 37 85
61 85
28 85 107
29 127
58 84 220
58 161
72 173
175 176 186
57 84 302
37 121
117 121 130
107 121
171 177
91 116
73 274
55 82 246
58 191
58 161 220
57 58 161
72 73 173
87 247
111 247
78 179
135 302
84 191
4 248
127 186
77 108
107 248
179 302
16 116
101 210
55 87 246 286
55 117
176 302
33 116
101 138
61 127
86 94
77 108 178
28 41 76
39 75
76 85 91
32 209
180 185
72 194
33 114
16 121
17 121
94 121
65 127
41 76 91
43 277
60 174
59 170
176 209 302
127 175
33 114 116
108 178 286
87 246 286
4 206
61 171
51 60 177
118 174
32 58
59 126
59 72
192 233
77 127 163
60 184
287 305
123 277
168 275
28 41 76 85
28 76 85 91
29 66
58 77 163
185 187
31 176 302
60 70
33 65 116
32 114 115
115 202
32 116
60 128
169 275
164 275
158 275
28 41 76 85 91
58 77 127 163
266 289
51 247
31 302
37 60 70
33 64 65 115
114 117 130
108 114
67 96
94 132
183 189
67 158
58 127 163
58 245
31 239
256 294
37 178
88 122
51 68
85 91
72 100 170
31 239 302
122 239
51 201
52 67
252 266
77 163 245
132 161
60 174 195
75 122
119 164
181 206
52 184
77 127 163 245
92 179 206
47 48 97
248 297
222 226
82 277
178 302
95 275
58 77 127 163 245
142 144 287
88 122 239
239 302
207 234
207 248
207 250
4 48 97
122 171
88 240
101 210 221
55 246 286
58 163 245
144 287
35 203 207
34 207
255 256
35 203 294
37 56 135
4 97
164 168
227 294
104 186
268 305
58 77 163 245
199 308
164 194
35 256
34 256
37 70 135
34 250
101 221
61 169
95 158 275
136 268
207 294
72 126 173
60 184 196 201
83 277
13 222
147 297
28 41 85
170 184
28 29 76
29 76 91
296 297
223 296
184 201
238 247
37 56 70 135
252 277
108 126
32 51
10 217
68 168 169
43 124
101 210 220
100 170
207 297
199 296
49 196
84 132 161
37 56
13 222 262
103 143
68 169
158 169
28 29 76 85
147 207
147 296
147 254
37 84
101 220
186 277
163 245
108 126 170