1 2
3 4 5 6 7 8 9 10 11 12 13 14 15 16 17
18 19 20 21 3 4 5 6 22 23 24 25 26 27 28 29 30 31 32
18 19 20 21 24 25 26 27 28 29 30 31 32
18 19 20 21 33 34 35 36 37
18 19 20 21 3 4 5 6 12 13 14 15 29 33 34 30 35 31
38 39
40 41 42 43
44 45 46 47
48 49 50
51 52 53 54 55
56 57 58
59 60
61 62 63 64 65 66 67 68 69 70 71 72
73 74
48 75 76 77
78 79
80 81
64 82 83 84
85 86
87 88 89
90 91 3 4 5 6 92 93 94 95 96 12 13 14 15 97 98
99 100
101 102 59 60
103 104
105 106 107
90 91 3 4 5 6 108 109 110 92 93 94 9 111 22 23 112 113 114 115
116 117 92 93 94 95 96 118 119 120 121 122
123 124
125 126 48 127 128 129 130 131
125 126 132 133
134 135 136 137
101 102 138 139
140 141 142 143
144 145
75 76
146 147
148 149 150
44 53 45 46 47 83 151
152 153 154 155
156 157 158
159 160
161 162 163 164 165 166 167 168 169
90 91 18 19 21 3 4 5 6 92 93 94 95 96 12 13 14 15 32 97 98
170 171 172
173 174 175 176
58 178 179
180 181
182 183
184 185 186 187 188 189
190 191 192
18 19 20 21 3 4 5 6 12 13 14 15 29 33 34 30 31 36 37
18 19 20 21 29 33 34 30 36 37
193 194
195 196 197 198 199
18 19 21 7 8 9 10 11 29 33 34 30 200
90 91 92 93 94 95 96 7 8 9 10 11 201 202
108 92 93 94 95 96 112 113 114 115
56 101 102 203 204 205
206 207
90 91 108 92 93 94 95 96 7 8 9 10 11 97 98 112 113 114 115
90 91 3 4 5 6 108 109 110 92 93 94 95 96 9 111 22 23 97 98 112 113 114 115
208 209
210 211 212 213
67 55 150
214 215
18 19 21 29 33 34 30 35 31 200
216 217
218 219 220 221
90 222
223 224
226 227 13 228 229
18 19 20 21 230 231 32 36 37
19 232 233 234
8 190 191 192
236 237
18 19 20 21 24 25 26 29 33 34 30 31 36 37
18 19 20 21 3 4 5 6 29 30 31
236 237 238 239
240 241
18 19 20 21 3 4 5 6 22 23 27 28 36 37
18 19 20 21 3 4 5 6 243 22 23 24 25 26 29 33 34 30 200
18 19 21 3 4 5 6 12 13 14 15 29 33 34 30 200 32
18 19 20 21 29 30 31 32
18 19 20 21 244 245 246 247 248 249 250 251 252 253 254
44 182 183 45 46 47
203 204 205
255 256
257 258 259 44
260 261 262 263
40 264 265 266
267 268
269 270 271 272 273
48 127 128 274 275
18 19 20 21 29 33 34 30 31 36 37
276 18 19 20 277 21 188 189 278 279 1 2 280
90 91 3 4 5 6 92 93 94 95 96 12 13 14 15 281 282
101 102 90 222
283 284 285
286 287
148 149 288
289 290
180 181 173 174 175 176
186 291
205 214 215 292
101 102 188 189 278 279 1 2 293 294
295 296
211 297 298
299 300
18 19 20 21 27 28 29 30 31
58 51 61 62 63 82 301
18 19 21 92 93 94 29 33 34 30
58 64 65 134 44
184 185 188 189
302 303
163 164 165 166 167 168 169
304 305
90 91 109 110 92 93 94 9 111
18 19 21 3 4 5 6 12 13 14 15 29 33 34 30 200
18 19 20 21 188 189 7 8 9 10 11 278 279 1 2 33 34 230 231 306
18 19 20 21 29 30 31 307 308 309 310 311 312 313
314 315
316 317
307 308 309 310 311 312 313
18 19 20 21 29 33 34 30 31 200
18 19 20 21 29 33 34 30 230 231 200 318 319
18 19 20 21 27 28 29 33 34 30 35 31
58 320 321
184 322 323
205 324 325
146 326 327 328
210 211 212 213 329 330 331
18 19 20 21 27 28 36 37
18 19 20 21 24 25 26 29 30 31
18 19 21 173 174 175 176 27 28 29 33 34 30 35 332 200 333 334 32
18 19 20 21 7 8 9 10 11 230 231
18 19 20 21 335 336 109 110 29 30 31
18 19 20 21 29 33 34 30 35 36 37
18 19 20 21 108 29 30 31 112 113 114 115
18 19 20 21 108 33 34 230 231 112 113 114 115 36 37
90 91 3 4 5 6 335 336 109 110 92 93 94 95 96 12 13 14 15 337 338 339
90 91 92 93 94 95 96 7 8 9 10 11
188 189 340 341 342 343
344 345 346 347 348
226 3 4 5 6 12 227 13 14 15 228 229
349 350 351 352
353 354
92 93 94 154 155
355 356
51 134 82 357 358
18 19 277 21 280
188 189 278 279 1 2
329 330 331 359 68
56 203 204 205
360 52 188 189
101 102 361 362
363 364
18 19 21 230 231
18 19 20 21 3 4 5 6 22 23 29 33 34 30 35 31
365 366 182 183
367 368 201 202
283 369
18 19 20 277 21 280
173 174 175 176 371 372
373 374
375 376
156 158
377 378 379 380 381
382 383 188 189 278 279 1 2
384 385 386 387
388 389
186 291 188 189
177 390 391 101 102 18 19 20 277 21 243 392 393 394 395 29 30 280 31
396 397 398
18 19 20 21 3 4 5 6 29 33 34 30 200 36 37
18 19 20 21 188 189 24 25 26 278 279 1 2 29 30 31 32
48 127 128
399 400
90 91 92 93 94 95 96
116 117
401 402 403 404 405
406 407
408 409
58 316 317 82
58 410 411
119 412 413
377 378 379 414 415 380 381
416 51 63 211 297 298
416 51 61 62 63 211 297 298 417
56 57 58 340 341 342 343
257 418 419 420 180 181 421 422 173 174 175 176
18 19 20 21 29 246 247 248 249 250 251 252 253
188 189
418 419 420 186 291
18 19 20 21 423 232 424 425
257 418 419 420 186 421 422 291
426 103
16 17
427 428
18 19 21 29 33 34 30 31
18 19 20 21 29 33 30 35
18 19 21 29 33 34 30 318
18 19 20 21 29 33 34 30 31
103 104 429
430 431
432 433 434 435 436
134 437
360 52 53
438 75 76
18 19 21 33 34 319
439 440 441 442 443
134 18 19 21 437 29 33 34 30 35
90 91 3 4 5 6 92 93 94 95 96 337 338 339
18 19 21 249 250
444 445
446 447 448
18 19 20 21 245 246 247 248 254
18 19 21 108 29 33 34 30 32 112 113 114 115
18 19 20 21 3 4 5 6 7 8 9 10 11 22 23 29 33 34 30 31 306 32
18 19 20 21 29 30 31 230 231
450 451
283 284
116 452
453 454
455 456 457 458
459 460 152 153
226 3 4 5 6 7 8 9 10 11 12 22 23 227 13 14 15 228 229
461 462
463 464
269 53 357 358 151 465
257 418 419 420 421 422 173 174 175 176 370 466
467 468
469 470 471 472
469 470 471 472 473 474
475 476 477 478
479 480
481 482 48 127 128 483
51 61 62 134 135 136
484 485 486
487 488
439 440 441 489 490
491 492 228 493
337 338 339
469 470 473 474 494
396 211 495 496
18 19 20 21 244 245
242 497
335 336 109 110
58 134 44 129 150 130 131
109 110
498 499 500
501 502
276 18 19 20 277 21 280
186 180 181 173 174 175 176 291
40 41 503 504
18 19 20 21 29 33 34 30 31 306 32
18 19 20 21 29 30 31 36 37
18 19 20 21 505 27 28 29 30 31
18 19 20 21 108 29 33 34 30 35 31 306 112 113 114 115
18 19 20 21 29 33 34 30 35 31 200 36 37
129 130 131 483
134 316 317 67 506
90 91 92 93 94 281 282 97 98
90 91 108 109 110 92 93 94 95 96 9 111 281 282 97 98 112 113 114 115
90 91 3 4 5 6 92 93 94 95 96 12 13 14 15
507 508
51 63 134 509 510 375 376
161 162 165 166 167 168 169
18 19 21 29 33 34 30 35 31
18 19 21 29 33 34 30 306
511 512 513
51 64 65
320 321
479 515 516 480 274
48 127 128 49 50
517 518
56 58 51 134 83 519
18 19 20 21 24 25 26 29 33 34 30 35 31
58 44 520 521
269 522
322 523
152 153
524 525 152 153
184 323
27 28
134 138 139 150 83
469 470 473 474
526 527 528
335 336 109 110 95 96
475 476
529 530
101 102 365 366
142 143
371 372
531 532 533 534
535 536 537
46 538
540 541
18 19 21 33 34 542 543
18 19 21 33 34 543 544
18 19 20 21 3 4 5 6 188 189 278 279 1 2 29 30 31
18 19 20 21 188 189 278 279 1 2 29 30 31
18 19 21 188 189 278 279 1 2 29 33 34 30 35
18 19 20 21 188 189 278 279 1 2 36 37
3 4 5 6
477 478
58 51 61 62 63 316 317 82 301
545 546
548 549 83
257 418 419 420 421 422
344 347 550
551 552
365 366
90 91 92 93 94 95 96 97 98
51 134 138 139
6 568 569 570
571 53
572 573 574
575 576
247 577 578 579
257 418 419 420 421 422 370 466
257 418 419 420 186 421 422 291 370 466
257 258 259 51 134 137 580
40 41 581 582
18 19 20 21 188 189 278 279 1 2 29 33 34 30 35 31
18 19 20 21 27 28 29 30 31 32
18 19 20 21 243 29 30 31
583 584
585 586
587 588 589
101 102 152 153 59 60
596 597 598
54 55 505
58 51 61 63 134 316 317 82 301 66 359 68 599 70 600
51 601 602
58 51 63 134 316 317 82 301 66 359 68 599 70 600
51 134 82 481 482 129 603
604 605
40 41 606 607
608 609
109 110 9 111
211 212 213
610 611 612
90 91 92 93 94 97 98
18 19 20 21 24 25 26 29 30
613 439 440 441 614 615
394 395
105 174 617
269 357 358 465
186 187
257 418 419 420 186 180 181 421 422 173 174 175 176 291
126 48 483 77 618
67 105 55 150 106 107
524 525 619 152 153
620 621
7 8 9 10 11
622 623
418 419 420 624
146 326 327 328 625 626
627 628
629 630
360 52 274 275
293 294
631 632
432 433 434 633
3 4 5 6 7 8 9 10 11 12 22 23 13 14 15 16 17 430 431
505 27 28
634 635
636 637
638 639 640
356 641 642
3 4 5 6 22 23