1 2
3 4 5 6 7 8 9 10 11 12 13 14 15 16 17
18 19 20 21 3 4 5 6 22 23 24 25 26 27 28 29 30 31 32
18 19 20 21 24 25 26 27 28 29 30 31 32
18 19 20 21 33 34 35 36 37
18 19 20 21 3 4 5 6 12 13 14 15 29 33 34 30 35 31
44 45 46 47
48 49 50
51 52 53 54 55
56 57 58
59 60
48 75 76 77
80 81
64 82 83 84
90 91 3 4 5 6 92 93 94 95 96 12 13 14 15 97 98
99 100
101 102 59 60
103 104
105 106 107
90 91 3 4 5 6 108 109 110 92 93 94 9 111 22 23 112 113 114 115
116 117 92 93 94 95 96 118 119 120 121 122
125 126 48 127 128 129 130 131
134 135 136 137
101 102 138 139
140 141 142 143
75 76
148 149 150
44 53 45 46 47 83 151
152 153 154 155
159 160
161 162 163 164 165 166 167 168 169
90 91 18 19 21 3 4 5 6 92 93 94 95 96 12 13 14 15 32 97 98
173 174 175 176
177
180 181
182 183
184 185 186 187 188 189
190 191 192
18 19 20 21 3 4 5 6 12 13 14 15 29 33 34 30 31 36 37
18 19 20 21 29 33 34 30 36 37
18 19 21 7 8 9 10 11 29 33 34 30 200
90 91 92 93 94 95 96 7 8 9 10 11 201 202
108 92 93 94 95 96 112 113 114 115
56 101 102 203 204 205
90 91 108 92 93 94 95 96 7 8 9 10 11 97 98 112 113 114 115
90 91 3 4 5 6 108 109 110 92 93 94 95 96 9 111 22 23 97 98 112 113 114 115
210 211 212 213
67 55 150
214 215
18 19 21 29 33 34 30 35 31 200
90 222
226 227 13 228 229
18 19 20 21 230 231 32 36 37
8 190 191 192
235
55
18 19 20 21 24 25 26 29 33 34 30 31 36 37
18 19 20 21 3 4 5 6 29 30 31
18 19 20 21 3 4 5 6 22 23 27 28 36 37
18 19 20 21 3 4 5 6 243 22 23 24 25 26 29 33 34 30 200
18 19 21 3 4 5 6 12 13 14 15 29 33 34 30 200 32
18 19 20 21 29 30 31 32
18 19 20 21 244 245 246 247 248 249 250 251 252 253 254
44 182 183 45 46 47
203 204 205
257 258 259 44
260 261 262 263
269 270 271 272 273
48 127 128 274 275
18 19 20 21 29 33 34 30 31 36 37
276 18 19 20 277 21 188 189 278 279 1 2 280
90 91 3 4 5 6 92 93 94 95 96 12 13 14 15 281 282
101 102 90 222
283 284 285
180 181 173 174 175 176
186 291
205 214 215 292
101 102 188 189 278 279 1 2 293 294
211 297 298
18 19 20 21 27 28 29 30 31
58 51 61 62 63 82 301
18 19 21 92 93 94 29 33 34 30
58 64 65 134 44
184 185 188 189
302 303
163 164 165 166 167 168 169
90 91 109 110 92 93 94 9 111
18 19 21 3 4 5 6 12 13 14 15 29 33 34 30 200
18 19 20 21 188 189 7 8 9 10 11 278 279 1 2 33 34 230 231 306
18 19 20 21 29 30 31 307 308 309 310 311 312 313
316 317
307 308 309 310 311 312 313
18 19 20 21 29 33 34 30 31 200
18 19 20 21 29 33 34 30 230 231 200 318 319
18 19 20 21 27 28 29 33 34 30 35 31
58 320 321
184 322 323
205 324 325
146 326 327 328
210 211 212 213 329 330 331
18 19 20 21 27 28 36 37
18 19 20 21 24 25 26 29 30 31
18 19 21 173 174 175 176 27 28 29 33 34 30 35 332 200 333 334 32
18 19 20 21 7 8 9 10 11 230 231
18 19 20 21 335 336 109 110 29 30 31
18 19 20 21 29 33 34 30 35 36 37
18 19 20 21 108 29 30 31 112 113 114 115
18 19 20 21 108 33 34 230 231 112 113 114 115 36 37
90 91 3 4 5 6 335 336 109 110 92 93 94 95 96 12 13 14 15 337 338 339
90 91 92 93 94 95 96 7 8 9 10 11
188 189 340 341 342 343
344 345 346 347 348
226 3 4 5 6 12 227 13 14 15 228 229
92 93 94 154 155
51 134 82 357 358
18 19 277 21 280
188 189 278 279 1 2
329 330 331 359 68
56 203 204 205
360 52 188 189
101 102 361 362
363 364
18 19 21 230 231
18 19 20 21 3 4 5 6 22 23 29 33 34 30 35 31
365 366 182 183
367 368 201 202
283 369
370
18 19 20 277 21 280
173 174 175 176 371 372
375 376
377 378 379 380 381
382 383 188 189 278 279 1 2
186 291 188 189
177 390 391 101 102 18 19 20 277 21 243 392 393 394 395 29 30 280 31
18 19 20 21 3 4 5 6 29 33 34 30 200 36 37
18 19 20 21 188 189 24 25 26 278 279 1 2 29 30 31 32
48 127 128
399 400
90 91 92 93 94 95 96
116 117
401 402 403 404 405
408 409
58 316 317 82
377 378 379 414 415 380 381
416 51 63 211 297 298
56 57 58 340 341 342 343
257 418 419 420 180 181 421 422 173 174 175 176
18 19 20 21 29 246 247 248 249 250 251 252 253
188 189
418 419 420 186 291
18 19 20 21 423 232 424 425
257 418 419 420 186 421 422 291
16 17
18 19 21 29 33 34 30 31
18 19 20 21 29 33 30 35
18 19 21 29 33 34 30 318
18 19 20 21 29 33 34 30 31
430 431
134 437
360 52 53
438 75 76
18 19 21 33 34 319
134 18 19 21 437 29 33 34 30 35
90 91 3 4 5 6 92 93 94 95 96 337 338 339
18 19 21 249 250
18 19 20 21 245 246 247 248 254
18 19 21 108 29 33 34 30 32 112 113 114 115
18 19 20 21 3 4 5 6 7 8 9 10 11 22 23 29 33 34 30 31 306 32
18 19 20 21 29 30 31 230 231
283 284
459 460 152 153
226 3 4 5 6 7 8 9 10 11 12 22 23 227 13 14 15 228 229
269 53 357 358 151 465
257 418 419 420 421 422 173 174 175 176 370 466
469 470 471 472
469 470 471 472 473 474
475 476 477 478
479 480
481 482 48 127 128 483
51 61 62 134 135 136
337 338 339
469 470 473 474 494
18 19 20 21 244 245
335 336 109 110
58 134 44 129 150 130 131
109 110
501 502
276 18 19 20 277 21 280
186 180 181 173 174 175 176 291
18 19 20 21 29 33 34 30 31 306 32
18 19 20 21 29 30 31 36 37
18 19 20 21 505 27 28 29 30 31
18 19 20 21 108 29 33 34 30 35 31 306 112 113 114 115
18 19 20 21 29 33 34 30 35 31 200 36 37
129 130 131 483
90 91 92 93 94 281 282 97 98
90 91 108 109 110 92 93 94 95 96 9 111 281 282 97 98 112 113 114 115
90 91 3 4 5 6 92 93 94 95 96 12 13 14 15
51 63 134 509 510 375 376
161 162 165 166 167 168 169
18 19 21 29 33 34 30 35 31
18 19 21 29 33 34 30 306
51 64 65
320 321
48 127 128 49 50
56 58 51 134 83 519
18 19 20 21 24 25 26 29 33 34 30 35 31
269 522
152 153
524 525 152 153
184 323
27 28
134 138 139 150 83
469 470 473 474
335 336 109 110 95 96
475 476
101 102 365 366
142 143
371 372
531 532 533 534
46 538
18 19 21 33 34 543 544
18 19 20 21 3 4 5 6 188 189 278 279 1 2 29 30 31
18 19 20 21 188 189 278 279 1 2 29 30 31
18 19 21 188 189 278 279 1 2 29 33 34 30 35
18 19 20 21 188 189 278 279 1 2 36 37
3 4 5 6
477 478
58 51 61 62 63 316 317 82 301
548 549 83
257 418 419 420 421 422
551 552
365 366
90 91 92 93 94 95 96 97 98
51 134 138 139
561 562
175 176
186 187 188 189
210 211 212
6 568 569 570
571 53
575 576
257 418 419 420 421 422 370 466
257 418 419 420 186 421 422 291 370 466
18 19 20 21 188 189 278 279 1 2 29 33 34 30 35 31
18 19 20 21 27 28 29 30 31 32
18 19 20 21 243 29 30 31
101 102 152 153 59 60
64 82 591
226 592 593 594
357 358
101 102 571 53
64 65 134
48 274 275 77
54 55 505
58 51 61 63 134 316 317 82 301 66 359 68 599 70 600
58 51 63 134 316 317 82 301 66 359 68 599 70 600
51 134 82 481 482 129 603
604 605
40 41 606 607
243
608 609
109 110 9 111
211 212 213
90 91 92 93 94 97 98
18 19 20 21 24 25 26 29 30
394 395
269 357 358 465
186 187
257 418 419 420 186 180 181 421 422 173 174 175 176 291
126 48 483 77 618
67 105 55 150 106 107
7 8 9 10 11
622 623
418 419 420 624
360 52 274 275
293 294
631 632
3 4 5 6 7 8 9 10 11 12 22 23 13 14 15 16 17 430 431
505 27 28
634 635
3 4 5 6 22 23
48 77
418 419 420
650 651
90 91
656 243
656 46 243
418 419 420 657 658 659
660 661 479 480
592 593 594
90 91 92 93 94 201 202
134 316 317 667 668 82 44
63 64 82 67 591 599
140 141 129 130 131
129 130 131
211 672 673 674 675
676 365 366
90 91 3 4 5 6 92 93 94 95 96 7 8 9 10 11 12 13 14 15 97 98
90 91 109 110 92 93 94 95 96 9 111
686 687 27 28
140 141 281 282
690 691
481 482 129 130 131 483
345 346
58 51 61 62 63 134 316 317 667 668 82 44 301
18 19 20 21 3 4 5 6 12 22 23 13 14 15 29 33 34 30 31 201 202
18 19 20 277 21 280 245 423 232 424 425 230 231 251 252 253 254
694 344 345 346
211 672 675
335 336
695 696 40 41
18 19 20 21 109 110 9 111 29 30 31
18 19 21 33 34
165 166 167 168 169
67
694 344
3 6 12
361 362
682 401 701
702 669
695 696
134 509 510 66 67
63 533 534
51 64 65 47
161 162
161 162 713 714
481 482 483
51 134 138 139 137
392 393
90 91 335 336 109 110 92 93 94 95 96 7 8 9 10 11
18 19 21 29 33 34 30 35
18 19 21 29 33 34 30 719
359 720 721
269 270 271
724
211 672 673
418 419 420 188 189
101 102 18 19 21 32
278 279
18 19 20 21 245 254
18 19 20 21 245 253 254
140 141
211 727 672 728
729 730
90 91 108 92 93 94 95 96 7 8 9 10 11 281 282 97 98 112 113 114 115
257 258 259
396 731
382 732
439 440 441 734 735 736 737 738 739
262 263
481 482
18 19 20 21 740 741 27 28 29 30 31
18 19 20 21 188 189 278 279 1 2 230 231
177 390 391 392 393
18 19 21 505 32
18 19 20 21 747 748
340 341 342 343
260 261 163 164 165 166 167 168 169
18 19 20 21 3 4 5 6 12 13 14 15 29 30 31
18 19 21 173 174 175 176 27 28 29 33 34 30 35 332 200 333 334 543 544 32
382 383
18 19 20 21 751 752
439 440 441 734 735 736 737 738 739 757 758
759 760
439 440 441 757 758
761 367
416 51 61 62 63
101 102
276 18 19 20 277 21 280 245 423 232 424 425 717 230 231 251 252 253 254
439 440 744 768 769 770 771
774 775
3 4 5 6 12 22 23
724 182 183
18 19 20 21 230 231 751 752
66 67 55 505 68 599 70
676 363 364
134 210 211 212 213 150 83 329 330 331 359 68
101 102 103 104
257 422
3 4 5 6 108 92 93 94 95 96 112 113 114 115
90 91 92 93 94 95 96 337 338 339 201 202
92 93 94 95 96 281 282
18 19 20 21 3 4 5 6 22 23 29 30 31
226 228 229 789 790
138 139 150
3 4 5 6 7 8 9 10 11 12 22 23 13 14 15
56 188 189 203 204 205 278 279 1 2
188 189 203 204 205 278 279 1 2
3 6 12 227
377 378 379
799 800 367 108 368 112 113 114 115
370 466
48 127 128 774 775
18 19 20 21 245 423 232 424 425 230 231 251 252 253 254
812 813
126 483 618
109 110 92 93 94 9 111
686 687
18 19 20 21 245 251 252 253 254
276 18 19 20 277 21 280 423 232 424 425 717
276 18 19 20 277 21 280 245 251 252 253 254
18 19 20 21 245 230 231 251 252 253 254
276 18 19 20 277 21 280 423 232 424 425 230 231 251 252 253
101 102 724 365 366 182 183
90 91 3 4 5 6 335 336 109 110 92 93 94 95 96 7 8 9 10 11 12 13 14 15
134 316 317
125 126 48 127 128
125 126
8 190 192
276 18 19 20 277 21 245 254
276 18 19 20 277 21 280 423 232 424 425 717 230 231
18 19 20 21 245 423 232 424 425 717 230 231 251 252 253 254
481 482 129 130 131
161 162 262 263
276 18 19 20 277 21 245 230 231 251 252 253 254
276 18 19 20 277 21 280 423 232 424 425 717 249 250 230 231
211 728
281 282
163
129 603
276 18 19 20 277 21 280 245 230 231 251 252 253 254
3 4 5 6 686 687
18 19 20 21 425 717 230 231
276 18 19 20 277 21 280 425 717 230 231
18 19 20 277 21 280 245 423 232 424 425 717 230 231 254
276 18 19 20 277 21 280 254
469 470 473 474 108 821
90 91 92 93 94 95 96 281 282 97 98
205 292
18 19 20 21 761 367 108 505 29 33 34 30 31 32 112 113 114 115
58 51 64 65 134 218 822 823
824 825
276 18 19 20 277 21 280 245 423 232 424 425 717 249 250 251 252 253 254
276 18 19 20 277 21 280 425 717 230 231 251 252 253
276 18 19 20 277 21 280 245 425 717 249 250 230 231 254
18 19 20 277 21 280 230 231
276 18 19 20 277 21 280 245 423 232 424 425 249 250 230 231 254
18 19 20 277 21 280 423 232 424 425 230 231 251 252 253
276 18 19 20 277 21 280 245 423 232 424 425 717 249 250 230 231 251 252 253 254
18 19 20 21 423 232 424 425 717 249 250 230 231
18 19 20 277 21 280 423 232 424 425 717 230 231
276 18 19 20 277 21 280 245 425 717 230 231 254
18 19 21 33 34 35
276 18 19 20 277 21 280 251 252 253
276 18 19 20 277 21 280 230 231
276 18 19 20 277 21 280 423 232 424 425 251 252 253
276 18 19 20 277 21 280 423 232 424 425 249 250 251 252 253
276 18 19 20 277 21 280 245 423 232 424 425 230 231 254
276 18 19 20 277 21 280 245 423 232 424 425 717 251 252 253 254
24 25 26
276 18 19 20 277 21 280 245 423 232 424 425 717 249 250 230 231 254
276 18 19 20 277 21 280 245 423 232 424 425 249 250 230 231 251 252 253 254
64 65
276 18 19 20 277 21 230 231 251 252 253
18 19 20 21 423 232 424 425 717 230 231
481 482 48 127 128
154 155
58 51 855 856
51
66 54 55 359 68 599 69 70 859
97 98
90 91 92 93 94 95 96 7 8 9 10 11 201 202 97 98
276 18 19 20 277 21 280 245 423 232 424 425 254
18 19 21 33 34 332
18 19 21 33 34 231
18 19 20 21 29 33 34 30 35 31
18 19 21 33 34 30 31
18 19 20 277 21 33 34 280 306
367 368
524 525
870 871
518 874 875
740 741
24 25 26 501 502
439 440 441 734 735 736 737
177 390 391 469 470 471 472
226 3 4 5 6 227 13 228 229
18 19 20 21 425 717
889 890
891 892
316 317 82
276 18 19 20 277 21 280 245 425 717 254
18 19 20 21 423 232 424 425 230 231
276 18 19 20 277 21 280 425 717 251 252 253
90 91 92 93 94 95 96 7 8 9 10 11 97 98
3 4 5 6 7 8 9 10 11 12 13 14 15
276 18 19 20 277 21 280 423 232 424 425
54
18 19 20 21 29 30 31
531 532
18 19 21 226 108 227 13 27 28 228 229 32 112 113 114 115
56 18 19 21 3 4 5 6 108 7 8 9 10 11 203 204 205 32 112 113 114 115
276 18 19 20 277 21 280 230 231 251 252 253
3 4 5 6 12 22 23 13 14 15
186 291 345 346
418 419 420 148 149 150
48 127 128 18 19 20 21 49 50 774 775 36 37
276 18 19 20 277 21 280 425 717 249 250 230 231
18 19 20 21 245 425 717 230 231 251 252 253 254
276 18 19 20 277 21 280 423 232 424 425 249 250 230 231 251 252 253
276 18 19 20 277 21 280 230
18 19 20 21 245 423 232 424 425 717 230 231 254
90 91 335 336 109 110 92 93 94 95 96 201 202
18 19 20 21 249 250
414 415
90 91 18 19 21 108 92 93 94 95 96 281 282 32 97 98 112 113 114 115
184 322 459 460 323
148 149
676
18 19 20 21 3 4 5 6 29 30
108 112 113 114 115
18 19 20 21 29 30
276 18 19 20 277 21 280 249 250 230 231 251 252 253
18 19 20 21 245 423 232 424 425 717 249 250 230 231 254
184 185 152 153
3 4 5 6 293 294
18 19 20 21 36 37
18 19 21 505 1 2 32
18 19 21 575 576 33 34 332
18 19 20 277 21 280 423 232 424 425
51 64 65 519
401 402 403 404 405 345 346
226 188 189 227 13 278 279 1 2 228 229 293 294
920 921 340 341 342 343
551 552 920 921
418 419 420 624 551 552
18 19 20 21 246 247 248
99 100 631 632
18 19 20 21 245 423 232 424 425 249 250 230 231 254
18 19 20 277 21 280 423 232 424 425 230 231
18 19 20 21 423 232 424 425 249 250 230 231 251 252 253
18 19 20 21 245 423 232 424 425 717 249 250 230 231 251 252 253 254
276 18 19 20 277 21 280 423 232 424 425 717 249 250 230 231 251 252 253
3 4 5 6 7 8 9 10 11 22 23
439 440 927 744 928 929 930 931 932 768 769 770 771
276 18 19 20 277 21
18 19 20 21 230 231
101 102 211 672 673 674 675
272 273
18 19 20 277 21 280 245 254
18 19 20 277 21 280 245 251 252 253 254
18 19 20 277 21 280 251 252 253
729 730 235
101 102 634 635
702 669 469 470 471 472
58 682 401 701
18 19 20 21 423 232 424 425 717
235 920 921
177 390 391 101 102 392 393 394 395
63 870 871
161 162 690 691
90 91 3 4 5 6 92 93 94 95 96 22 23
90 91 3 4 5 6 109 110 92 93 94 9 111 22 23
269 522 92 93 94
729 730 418 419 420 186 187 291
418 419 420 624 203 204 205
92 93 94 95 96 7 8 9 10 11
799 800
90 91 108 92 93 94 95 96 112 113 114 115
18 19 21 33 34 230 231
92 93 94 201 202
90 91 108 92 93 94 95 96 7 8 9 10 11 281 282 201 202 97 98 112 113 114 115
473 474
101 102 7 8 9 10 11
92 93 94 95 96 281 282 97 98
418 419 420 812 813
985 986 105 987 205 324 325
56 18 19 21 92 93 94 203 204 205 32 608 609
184 185
274 275
101 102 184 185
54 55
703 995
56 203 204 205 340 341 342 343
58 51 63 509 510
56 58 51 82
650 998 651 382 732
226 3 4 5 6 94 227 999 1000 13 228 229 1001 1002
108 92 93 94 95 96 281 282 112 113 114 115
92 93 94 281 282
108 92 93 94 95 96 281 282 201 202 112 113 114 115
92 93 94
51 134 82 44 66 83 359 68 69 70 1003 1004
18 19 21 109 110 92 93 94 9 111 29 33 34 30 35
18 19 20 21 3 4 5 6 7 8 9 10 11 12 22 23 13 14 15 747 748 16 17
3 4 5 6 568 569 570
18 19 20 21 245 423 232 424 425 254
276 18 19 20 277 21 245 423 232 424 425 251 252 253 254
276 18 19 20 277 21 280 425 717
276 18 19 20 277 21 280 423 232 424 425 717 251 252 253
18 19 20 277 21 280 245 423 232 424 425 230 231 254
276 18 19 20 277 21 280 245 425 717 230 231 251 252 253 254
274 275 152 153
101 102 272 273
148 149 3 4 5 6 150
56 18 19 21 203 204 205 32
56 418 419 420 624 203 204 205
90 91 109 110 92 93 94 95 96 9 111 281 282 97 98
524 525 152 153 622 623
18 19 21 29 33 34 30
90 91 92 93 94 95 96 201 202 97 98
3 4 5 6 7 8 9 10 11 604 605
18 19 20 21 3 4 5 6 188 189 24 25 26 278 279 1 2 29 33 34 30 31
46 94 999 1000 538
257 418 419 420 148 149 421 422 150
729 730 418 419 420 421 54 55 438 1017
257 418 419 420 186 421 422 173 174 175 176 291
64 591
90 91 281 282
67 150 83 859 408 409
90 91 92 93 94 95 96 201 202
58 729 730
64 359 84
396 731 518 874 875
18 19 20 21 423 232 424 425 717 230 231 251 252 253
276 18 19 20 277 21 280 245 249 250 230 231 251 252 253 254
561 562 47 1033
210 211 212 213 561 562 47 1033
186 173 174 175 176 291
90 91 92 93 94 95 96 337 338 339
90 91 108 109 110 92 93 94 95 96 9 111 97 98 112 113 114 115
606 607
439 440 927 744 928 929 930 931 932
3 4 5 6 12 13 14 15
344 347 348
101 102 272 273 1047 1048 1049
56 203 204 205 324 325
201 202
418 419 420 421
367 335 336 109 110 368 201 202
185
18 19 20 21 33 34 230 231
51 161 162 262 263
396 731 211 728
1001 1002
3 4 5 6 12 22 23 13 14 15 16 17
51 134 82 83 1003 1004
152 153 59 60
703 18 19 20 21 7 8 9 10 11 36 37 995
173 174
186 187 283 369
184 185 551 552 340 341 342 343
656
211 727 672
58 51 61 62 63 210 211 212 213 82 301 561 562 66
789 790
44 67 824 825 519
920 921
184 185 186 187
186 291 920 921
134 150 83 329 330 331 359 68
438 1017
660 661
260 261 161 162
51 134 82 129 603
90 91 108 92 93 94 95 96 281 282 97 98 112 113 114 115
18 19 21 92 93 94 7 8 9 10 11 29 33 34 30 35
276 18 19 20 277 21 280 245 423 232 424 425 251 252 253 254
276 18 19 20 277 21 280 245 251 252 253 1071 1072 254
48 127 128 75 76
6 568 569
101 102 365 366 182 183
274 275 188 189
418 419 420 421 1080 1081 1082
1080 1081 1082
95 96
90 91 92 93 94 7 8 9 10 11
118 119 120 121 122
985 986 105 987
51 134 80 81
473 474 108 821
125 126 274 275
326 327
90 91 3 4 5 6 109 110 92 93 94 95 96 9 111 22 23
650 998 651
138 139
94 999 1000
469 470 494
18 19 21 33 34 334
367 3 4 5 6 92 93 94 95 96 12 13 14 15 368 97 98
184 185 186 291
713 714 163 164 165 166 167 168 169
713 714
359 399 400 720 721
90 91 3 4 5 6 92 93 94 95 96 7 8 9 10 11 12 13 14 15
329 330 331
377 378 379 414 415
90 91 3 4 5 6 92 93 94 95 96 7 8 9 10 11 12 13 14 15 201 202
90 91 3 4 5 6 92 93 94 7 8 9 10 11 12 13 14 15 337 338 339
90 91 335 336 109 110 92 93 94 95 96
418 419 420 186 187
92 93 94 95 96
90 91 3 4 5 6 92 93 94 12 13 14 15 97 98
18 19 21 205 324 325 32
260 261
64 65 83
855 856
18 19 20 21 245 246 247 248 253 254
146 328
604 605 634 635
622 623 889 890
360 52
891 892 90 91
64 65 218 822 823
56
657 658 659
548 549
18 19 20 21 251 252 253
177 390 391
469 470 473 474 494 108 821
51 262 263
186 291 551 552 920 921
90 91 97 98
18 19 20 21 33 34 35
18 19 21 29 33 34 30 200
18 19 21 33 34 30
18 19 21 33 34 200
416 63 82 135 136
18 19 21 33 34 719
276 18 19 20 277 21 280 245 423 232 424 425 717 230 231 254
276 18 19 20 277 21 280 245 423 232 424 425 230 231 251 252 253 254
276 18 19 20 277 21 280 423 232 424 425 230 231
18 19 21 33 34 333
524 525 3 4 5 6 152 153 12 13 14 15
18 19 21 32
18 19 21 33 34 306
724 365 366 182 183
18 19 20 21 1071 1072
94 999 1000 1001 1002
48 127 128 759 760
186 291 203 204 205
90 91 3 4 5 6 95 96 12 13 14 15 97 98
18 21 33 34 719
18 19 21 33 34 318
477 478 302 303
66 67 70 159 160
505
284 285
51 134 47 138 139
1047 1048 1049
90 91 92 93 94 95 96 118 119 120 121 122 97 98
125 126 129 130 131
